time	DeviceName	AccX(g)	AccY(g)	AccZ(g)	AsX(°/s)	AsY(°/s)	AsZ(°/s)	AngleX(°)	AngleY(°)	AngleZ(°)	HX(uT)	HY(uT)	HZ(uT)	Q0()	Q1()	Q2()	Q3()	Temperature(°C)	Height(m)	Pressure(kPa)	Version()	Battery level(%)
2026-05-27T17:12:06.524	WT901BLE68(F3:F0:16:BF:DC:AE)	-0.522	0.840	0.268	-4.395	2.441	3.967	74.01	35.05	-74.40	-57.967	65.447	-62.567	0.43915	0.58804	-0.20584	-0.64719	25.8	null	null	13113	60
2026-05-27T17:12:06.579	WT901BLE68(F3:F0:16:BF:DC:AE)	-0.513	0.863	0.265	-5.920	5.859	-4.639	73.77	35.06	-70.96	-57.967	65.447	-62.567	0.43915	0.58804	-0.20584	-0.64719	25.8	null	null	13113	60
2026-05-27T17:12:06.701	WT901BLE68(F3:F0:16:BF:DC:AE)	-0.536	0.862	0.217	-8.728	20.447	-6.714	74.33	35.84	-65.75	-57.967	65.447	-62.567	0.43915	0.58804	-0.20584	-0.64719	25.8	null	null	13113	60
2026-05-27T17:12:06.792	WT901BLE68(F3:F0:16:BF:DC:AE)	-0.469	0.892	0.170	-5.066	-9.644	-2.319	73.54	35.78	-63.64	-57.967	65.447	-62.567	0.43915	0.58804	-0.20584	-0.64719	25.8	null	null	13113	60
2026-05-27T17:12:06.912	WT901BLE68(F3:F0:16:BF:DC:AE)	-0.512	0.890	0.178	-2.869	6.165	1.038	74.20	35.66	-60.41	-57.967	65.447	-62.567	0.43915	0.58804	-0.20584	-0.64719	25.8	null	null	13113	60
2026-05-27T17:12:07.000	WT901BLE68(F3:F0:16:BF:DC:AE)	-0.516	0.792	0.179	-7.935	13.794	14.160	74.68	34.84	-56.83	-59.020	66.993	-60.673	0.43915	0.58804	-0.20584	-0.64719	25.8	null	null	13113	60
2026-05-27T17:12:07.120	WT901BLE68(F3:F0:16:BF:DC:AE)	-0.573	0.793	0.174	-9.094	9.644	32.410	75.50	32.57	-51.83	-59.020	66.993	-60.673	0.43915	0.58804	-0.20584	-0.64719	25.8	null	null	13113	60
2026-05-27T17:12:07.180	WT901BLE68(F3:F0:16:BF:DC:AE)	-0.529	0.810	0.299	-7.202	-9.644	18.921	75.11	30.38	-48.83	-59.020	66.993	-60.673	0.61990	0.62469	-0.05551	-0.47150	25.8	null	null	13113	60
2026-05-27T17:12:07.331	WT901BLE68(F3:F0:16:BF:DC:AE)	-0.458	0.811	0.419	-7.568	-13.489	5.615	73.31	28.81	-48.35	-59.020	66.993	-60.673	0.61990	0.62469	-0.05551	-0.47150	25.8	null	null	13113	60
2026-05-27T17:12:07.454	WT901BLE68(F3:F0:16:BF:DC:AE)	-0.485	0.792	0.391	-5.127	-2.380	-2.258	72.39	28.52	-46.29	-59.020	66.993	-60.673	0.61990	0.62469	-0.05551	-0.47150	25.8	null	null	13113	60
2026-05-27T17:12:07.509	WT901BLE68(F3:F0:16:BF:DC:AE)	-0.481	0.765	0.337	-7.996	15.381	-10.864	71.40	29.37	-44.02	-59.020	66.993	-60.673	0.61990	0.62469	-0.05551	-0.47150	25.8	null	null	13113	60
2026-05-27T17:12:07.601	WT901BLE68(F3:F0:16:BF:DC:AE)	-0.545	0.820	0.298	-1.770	-2.258	-27.466	70.59	30.99	-42.01	-59.020	66.993	-60.673	0.61990	0.62469	-0.05551	-0.47150	25.8	null	null	13113	60
2026-05-27T17:12:07.724	WT901BLE68(F3:F0:16:BF:DC:AE)	-0.512	0.922	0.418	-2.014	-53.345	-67.871	67.29	33.81	-46.19	-59.020	66.993	-60.673	0.61990	0.62469	-0.05551	-0.47150	25.8	null	null	13113	60
2026-05-27T17:12:07.812	WT901BLE68(F3:F0:16:BF:DC:AE)	-0.725	0.757	0.449	-16.724	-32.104	-116.577	60.11	39.13	-55.86	-59.020	66.993	-60.673	0.61990	0.62469	-0.05551	-0.47150	25.8	null	null	13113	60
2026-05-27T17:12:07.932	WT901BLE68(F3:F0:16:BF:DC:AE)	-0.904	0.485	0.512	-45.715	-2.441	-120.361	48.14	46.38	-67.82	-65.160	67.240	-46.767	0.61990	0.62469	-0.05551	-0.47150	25.8	null	null	13113	60
2026-05-27T17:12:07.993	WT901BLE68(F3:F0:16:BF:DC:AE)	-0.961	0.126	0.602	-68.298	2.502	-138.672	32.98	56.41	-79.35	-65.160	67.240	-46.767	0.61990	0.62469	-0.05551	-0.47150	25.8	null	null	13113	60
2026-05-27T17:12:08.111	WT901BLE68(F3:F0:16:BF:DC:AE)	-0.556	-0.040	0.464	-79.468	-47.974	-75.806	7.00	58.09	-99.66	-65.160	67.240	-46.767	0.55853	0.47327	0.20438	-0.64975	25.8	null	null	13113	60
2026-05-27T17:12:08.201	WT901BLE68(F3:F0:16:BF:DC:AE)	-0.550	0.004	0.268	-19.897	-46.753	28.748	-2.16	52.79	-102.38	-65.160	67.240	-46.767	0.55853	0.47327	0.20438	-0.64975	25.8	null	null	13113	60
2026-05-27T17:12:08.321	WT901BLE68(F3:F0:16:BF:DC:AE)	-0.553	0.164	0.299	26.428	-69.031	71.106	3.74	47.32	-93.49	-65.160	67.240	-46.767	0.55853	0.47327	0.20438	-0.64975	25.8	null	null	13113	60
2026-05-27T17:12:08.410	WT901BLE68(F3:F0:16:BF:DC:AE)	-0.718	0.295	0.753	63.660	-43.640	33.020	15.00	41.12	-84.84	-65.160	67.240	-46.767	0.55853	0.47327	0.20438	-0.64975	25.8	null	null	13113	60
2026-05-27T17:12:08.533	WT901BLE68(F3:F0:16:BF:DC:AE)	-0.959	0.214	1.069	-6.348	19.592	-15.381	20.01	40.61	-82.59	-65.160	67.240	-46.767	0.55853	0.47327	0.20438	-0.64975	25.8	null	null	13113	60
2026-05-27T17:12:08.594	WT901BLE68(F3:F0:16:BF:DC:AE)	-0.517	0.073	0.970	-57.007	-13.428	-23.010	15.19	43.23	-83.30	-65.160	67.240	-46.767	0.55853	0.47327	0.20438	-0.64975	25.8	null	null	13113	60
2026-05-27T17:12:08.715	WT901BLE68(F3:F0:16:BF:DC:AE)	-0.309	0.029	0.655	-35.583	2.747	8.423	8.46	41.64	-84.06	-65.160	67.240	-46.767	0.55853	0.47327	0.20438	-0.64975	25.8	null	null	13113	60
2026-05-27T17:12:08.802	WT901BLE68(F3:F0:16:BF:DC:AE)	-0.558	0.150	0.601	7.874	-16.724	44.067	9.46	42.06	-78.90	-85.580	53.800	-18.647	0.55853	0.47327	0.20438	-0.64975	25.8	null	null	13113	60
2026-05-27T17:12:08.922	WT901BLE68(F3:F0:16:BF:DC:AE)	-0.622	0.330	1.003	58.105	-24.292	-23.987	14.43	37.13	-76.47	-85.580	53.800	-18.647	0.55853	0.47327	0.20438	-0.64975	25.8	null	null	13113	60
2026-05-27T17:12:09.013	WT901BLE68(F3:F0:16:BF:DC:AE)	-1.029	0.194	0.932	19.775	29.236	-59.814	16.85	44.82	-78.46	-85.580	53.800	-18.647	0.70004	0.30859	0.17834	-0.61868	25.8	null	null	13113	60
2026-05-27T17:12:09.135	WT901BLE68(F3:F0:16:BF:DC:AE)	-0.651	0.076	0.664	-9.033	2.563	-43.640	11.62	48.21	-84.11	-85.580	53.800	-18.647	0.70004	0.30859	0.17834	-0.61868	25.8	null	null	13113	60
2026-05-27T17:12:09.221	WT901BLE68(F3:F0:16:BF:DC:AE)	-0.378	-0.032	0.519	4.456	-34.546	14.954	8.81	45.51	-86.11	-85.580	53.800	-18.647	0.70004	0.30859	0.17834	-0.61868	25.8	null	null	13113	60
2026-05-27T17:12:09.343	WT901BLE68(F3:F0:16:BF:DC:AE)	-0.826	0.182	0.461	38.391	73.853	36.133	14.23	47.24	-80.27	-85.580	53.800	-18.647	0.70004	0.30859	0.17834	-0.61868	25.8	null	null	13113	60
2026-05-27T17:12:09.399	WT901BLE68(F3:F0:16:BF:DC:AE)	-0.993	0.385	0.556	33.569	-14.648	24.292	23.35	49.92	-72.58	-85.580	53.800	-18.647	0.70004	0.30859	0.17834	-0.61868	25.8	null	null	13113	60
2026-05-27T17:12:09.524	WT901BLE68(F3:F0:16:BF:DC:AE)	-0.905	0.100	0.672	2.258	4.517	-18.250	25.36	50.80	-71.43	-85.580	53.800	-18.647	0.70004	0.30859	0.17834	-0.61868	25.8	null	null	13113	60
2026-05-27T17:12:09.611	WT901BLE68(F3:F0:16:BF:DC:AE)	-0.542	0.044	0.577	-42.603	-29.785	-17.517	19.75	49.95	-75.05	-85.580	53.800	-18.647	0.70004	0.30859	0.17834	-0.61868	25.8	null	null	13113	60
2026-05-27T17:12:09.736	WT901BLE68(F3:F0:16:BF:DC:AE)	-0.483	-0.040	0.450	-34.119	-44.189	7.446	13.60	47.08	-76.36	-87.153	48.620	-34.440	0.70004	0.30859	0.17834	-0.61868	25.8	null	null	13113	60
2026-05-27T17:12:09.821	WT901BLE68(F3:F0:16:BF:DC:AE)	-0.702	0.138	0.693	-9.460	-15.503	38.940	12.57	43.18	-73.40	-87.153	48.620	-34.440	0.70004	0.30859	0.17834	-0.61868	25.8	null	null	13113	60
2026-05-27T17:12:09.946	WT901BLE68(F3:F0:16:BF:DC:AE)	-0.801	0.472	0.608	7.935	26.428	31.494	15.25	41.94	-67.93	-87.153	48.620	-34.440	0.72583	0.29761	0.22867	-0.57639	25.8	null	null	13113	60
2026-05-27T17:12:10.003	WT901BLE68(F3:F0:16:BF:DC:AE)	-0.806	0.371	0.795	36.987	3.479	14.893	21.23	42.45	-64.07	-87.153	48.620	-34.440	0.72583	0.29761	0.22867	-0.57639	25.8	null	null	13113	60
2026-05-27T17:12:10.123	WT901BLE68(F3:F0:16:BF:DC:AE)	-0.653	0.131	0.865	-1.831	2.075	-0.061	23.47	42.75	-62.84	-87.153	48.620	-34.440	0.72583	0.29761	0.22867	-0.57639	25.8	null	null	13113	60
2026-05-27T17:12:10.212	WT901BLE68(F3:F0:16:BF:DC:AE)	-0.602	0.197	0.721	-3.296	-4.211	10.559	22.98	42.43	-61.96	-87.153	48.620	-34.440	0.72583	0.29761	0.22867	-0.57639	25.8	null	null	13113	60
2026-05-27T17:12:10.333	WT901BLE68(F3:F0:16:BF:DC:AE)	-0.689	0.411	0.653	9.338	-13.977	12.085	24.04	41.76	-60.08	-87.153	48.620	-34.440	0.72583	0.29761	0.22867	-0.57639	25.8	null	null	13113	60
2026-05-27T17:12:10.424	WT901BLE68(F3:F0:16:BF:DC:AE)	-0.833	0.346	0.556	46.204	-31.555	7.080	27.21	39.81	-59.32	-87.153	48.620	-34.440	0.72583	0.29761	0.22867	-0.57639	25.8	null	null	13113	60
2026-05-27T17:12:10.541	WT901BLE68(F3:F0:16:BF:DC:AE)	-0.486	0.559	0.851	44.739	-40.527	-3.479	31.27	34.89	-62.29	-87.153	48.620	-34.440	0.72583	0.29761	0.22867	-0.57639	25.8	null	null	13113	60
2026-05-27T17:12:10.635	WT901BLE68(F3:F0:16:BF:DC:AE)	-0.525	0.309	0.773	-12.512	24.780	4.883	31.88	34.85	-62.09	-80.000	64.767	-40.380	0.72583	0.29761	0.22867	-0.57639	25.8	null	null	13113	60
2026-05-27T17:12:10.753	WT901BLE68(F3:F0:16:BF:DC:AE)	-0.469	0.308	0.727	-8.545	-22.400	15.015	30.89	34.54	-60.63	-80.000	64.767	-40.380	0.72583	0.29761	0.22867	-0.57639	25.8	null	null	13113	60
2026-05-27T17:12:10.811	WT901BLE68(F3:F0:16:BF:DC:AE)	-0.692	0.438	0.711	4.028	27.161	31.311	32.63	34.39	-56.65	-80.000	64.767	-40.380	0.76205	0.36383	0.11740	-0.52252	25.8	null	null	13113	60
2026-05-27T17:12:10.937	WT901BLE68(F3:F0:16:BF:DC:AE)	-0.581	0.608	0.556	39.917	9.399	30.701	36.58	33.12	-52.99	-80.000	64.767	-40.380	0.76205	0.36383	0.11740	-0.52252	25.8	null	null	13113	60
2026-05-27T17:12:11.022	WT901BLE68(F3:F0:16:BF:DC:AE)	-0.539	0.892	0.882	40.588	-38.269	17.029	42.13	29.58	-52.15	-80.000	64.767	-40.380	0.76205	0.36383	0.11740	-0.52252	25.8	null	null	13113	60
2026-05-27T17:12:11.145	WT901BLE68(F3:F0:16:BF:DC:AE)	-0.534	0.605	0.792	11.963	12.085	15.198	44.23	28.36	-51.33	-80.000	64.767	-40.380	0.76205	0.36383	0.11740	-0.52252	25.8	null	null	13113	60
2026-05-27T17:12:11.233	WT901BLE68(F3:F0:16:BF:DC:AE)	-0.487	0.569	0.631	14.893	6.348	39.917	46.10	26.92	-48.83	-80.000	64.767	-40.380	0.76205	0.36383	0.11740	-0.52252	25.8	null	null	13113	60
2026-05-27T17:12:11.354	WT901BLE68(F3:F0:16:BF:DC:AE)	-0.530	1.077	0.561	3.662	45.410	20.996	50.06	26.63	-42.79	-80.000	64.767	-40.380	0.76205	0.36383	0.11740	-0.52252	25.8	null	null	13113	60
2026-05-27T17:12:11.412	WT901BLE68(F3:F0:16:BF:DC:AE)	-0.633	0.862	0.770	-3.174	27.039	-24.353	51.82	29.10	-40.34	-80.000	64.767	-40.380	0.76205	0.36383	0.11740	-0.52252	25.8	null	null	13113	60
2026-05-27T17:12:11.532	WT901BLE68(F3:F0:16:BF:DC:AE)	-0.747	0.772	0.711	-30.884	50.293	-54.321	49.88	34.62	-39.36	-65.047	76.593	-57.087	0.76205	0.36383	0.11740	-0.52252	25.8	null	null	13113	60
2026-05-27T17:12:11.622	WT901BLE68(F3:F0:16:BF:DC:AE)	-0.669	0.425	0.722	-59.387	-13.489	-74.097	43.21	41.06	-42.36	-65.047	76.593	-57.087	0.76205	0.36383	0.11740	-0.52252	25.8	null	null	13113	60
2026-05-27T17:12:11.743	WT901BLE68(F3:F0:16:BF:DC:AE)	-0.304	0.164	0.380	-57.800	36.072	-3.113	34.95	44.85	-44.70	-65.047	76.593	-57.087	0.76532	0.42734	0.18817	-0.44287	25.8	null	null	13113	60
2026-05-27T17:12:11.829	WT901BLE68(F3:F0:16:BF:DC:AE)	-1.002	0.664	0.357	28.076	23.743	44.434	41.36	45.67	-35.45	-65.047	76.593	-57.087	0.76532	0.42734	0.18817	-0.44287	25.8	null	null	13113	60
2026-05-27T17:12:11.954	WT901BLE68(F3:F0:16:BF:DC:AE)	-0.800	0.630	0.584	11.108	-15.198	-12.146	42.63	42.64	-37.99	-65.047	76.593	-57.087	0.76532	0.42734	0.18817	-0.44287	25.8	null	null	13113	60
2026-05-27T17:12:12.044	WT901BLE68(F3:F0:16:BF:DC:AE)	-0.929	0.470	0.637	-11.658	0.061	-40.100	40.75	45.30	-40.28	-65.047	76.593	-57.087	0.76532	0.42734	0.18817	-0.44287	25.8	null	null	13113	60
2026-05-27T17:12:12.166	WT901BLE68(F3:F0:16:BF:DC:AE)	-0.707	0.271	0.686	-28.259	-15.015	-52.673	33.91	48.17	-46.65	-65.047	76.593	-57.087	0.76532	0.42734	0.18817	-0.44287	25.8	null	null	13113	60
2026-05-27T17:12:12.223	WT901BLE68(F3:F0:16:BF:DC:AE)	-0.613	0.141	0.570	-40.527	-8.057	-24.841	26.12	49.36	-51.88	-65.047	76.593	-57.087	0.76532	0.42734	0.18817	-0.44287	25.8	null	null	13113	60
2026-05-27T17:12:12.345	WT901BLE68(F3:F0:16:BF:DC:AE)	-0.609	0.222	0.475	-11.047	26.306	11.963	23.26	49.61	-51.73	-65.047	76.593	-57.087	0.76532	0.42734	0.18817	-0.44287	25.8	null	null	13113	60
2026-05-27T17:12:12.432	WT901BLE68(F3:F0:16:BF:DC:AE)	-0.821	0.428	0.584	15.869	-2.258	28.198	26.28	48.64	-48.42	-65.047	76.593	-57.087	0.76532	0.42734	0.18817	-0.44287	25.8	null	null	13113	60
2026-05-27T17:12:12.552	WT901BLE68(F3:F0:16:BF:DC:AE)	-0.782	0.367	0.608	6.958	-2.563	12.146	29.19	47.10	-46.30	-65.047	76.593	-57.087	0.76532	0.42734	0.18817	-0.44287	25.8	null	null	13113	60
2026-05-27T17:12:12.643	WT901BLE68(F3:F0:16:BF:DC:AE)	-0.784	0.323	0.582	8.789	-8.606	-13.794	30.07	47.48	-46.34	-65.047	76.593	-57.087	0.76532	0.42734	0.18817	-0.44287	25.9	null	null	13113	60
2026-05-27T17:12:12.765	WT901BLE68(F3:F0:16:BF:DC:AE)	-0.733	0.308	0.673	-17.395	0.671	-46.021	26.20	48.70	-51.16	-65.047	76.593	-57.087	0.76532	0.42734	0.18817	-0.44287	25.9	null	null	13113	60
2026-05-27T17:12:12.825	WT901BLE68(F3:F0:16:BF:DC:AE)	-0.681	0.106	0.604	-31.311	0.000	-57.617	17.36	50.45	-58.97	-65.047	76.593	-57.087	0.76532	0.42734	0.18817	-0.44287	25.9	null	null	13113	60
2026-05-27T17:12:12.975	WT901BLE68(F3:F0:16:BF:DC:AE)	-0.525	-0.049	0.656	-37.170	-0.610	-31.372	8.64	50.94	-65.86	-85.267	58.453	-29.773	0.76532	0.42734	0.18817	-0.44287	25.9	null	null	13113	60
2026-05-27T17:12:13.032	WT901BLE68(F3:F0:16:BF:DC:AE)	-0.503	-0.130	0.593	-26.306	-2.930	6.287	3.87	50.64	-67.21	-85.267	58.453	-29.773	0.74307	0.26425	0.33838	-0.51321	25.9	null	null	13113	60
2026-05-27T17:12:13.154	WT901BLE68(F3:F0:16:BF:DC:AE)	-0.824	0.150	0.523	11.230	-41.565	28.503	5.26	47.74	-62.85	-85.267	58.453	-29.773	0.74307	0.26425	0.33838	-0.51321	25.9	null	null	13113	60
2026-05-27T17:12:13.242	WT901BLE68(F3:F0:16:BF:DC:AE)	-0.853	0.134	0.507	36.072	-47.485	-28.076	7.94	45.37	-63.09	-85.267	58.453	-29.773	0.74307	0.26425	0.33838	-0.51321	25.9	null	null	13113	60
2026-05-27T17:12:13.363	WT901BLE68(F3:F0:16:BF:DC:AE)	-0.551	-0.060	0.506	56.580	74.280	-8.850	9.81	45.51	-66.61	-85.267	58.453	-29.773	0.74307	0.26425	0.33838	-0.51321	25.9	null	null	13113	60
2026-05-27T17:12:13.454	WT901BLE68(F3:F0:16:BF:DC:AE)	-0.845	-0.044	0.600	54.382	48.279	25.024	17.55	52.12	-62.73	-85.267	58.453	-29.773	0.74307	0.26425	0.33838	-0.51321	25.9	null	null	13113	60
2026-05-27T17:12:13.574	WT901BLE68(F3:F0:16:BF:DC:AE)	-0.793	0.102	0.503	33.142	65.552	41.138	28.78	56.82	-53.23	-85.267	58.453	-29.773	0.74307	0.26425	0.33838	-0.51321	25.9	null	null	13113	60
2026-05-27T17:12:13.633	WT901BLE68(F3:F0:16:BF:DC:AE)	-0.774	0.290	0.409	21.545	62.378	39.612	37.64	56.93	-44.32	-85.267	58.453	-29.773	0.74307	0.26425	0.33838	-0.51321	25.9	null	null	13113	60
2026-05-27T17:12:13.753	WT901BLE68(F3:F0:16:BF:DC:AE)	-0.758	0.451	0.389	7.507	76.355	44.189	44.20	55.51	-36.84	-85.267	58.453	-29.773	0.74307	0.26425	0.33838	-0.51321	25.9	null	null	13113	60
2026-05-27T17:12:13.842	WT901BLE68(F3:F0:16:BF:DC:AE)	-0.571	0.521	0.389	12.329	51.453	56.824	50.69	52.61	-29.21	-80.747	59.440	-50.333	0.74307	0.26425	0.33838	-0.51321	25.9	null	null	13113	60
2026-05-27T17:12:13.961	WT901BLE68(F3:F0:16:BF:DC:AE)	-0.620	0.668	0.399	11.536	-6.775	45.349	56.01	48.80	-23.86	-80.747	59.440	-50.333	0.74307	0.26425	0.33838	-0.51321	25.9	null	null	13113	60
2026-05-27T17:12:14.054	WT901BLE68(F3:F0:16:BF:DC:AE)	-0.639	0.693	0.291	2.075	28.503	36.194	62.84	47.09	-16.05	-80.747	59.440	-50.333	0.74728	0.50537	0.26486	-0.34042	25.9	null	null	13113	60
2026-05-27T17:12:14.173	WT901BLE68(F3:F0:16:BF:DC:AE)	-0.598	0.756	0.323	2.625	16.357	31.677	67.39	45.24	-10.51	-80.747	59.440	-50.333	0.74728	0.50537	0.26486	-0.34042	25.9	null	null	13113	60
2026-05-27T17:12:14.232	WT901BLE68(F3:F0:16:BF:DC:AE)	-0.614	0.829	0.314	-2.991	5.920	32.837	69.59	42.25	-7.47	-80.747	59.440	-50.333	0.74728	0.50537	0.26486	-0.34042	25.9	null	null	13113	60
2026-05-27T17:12:14.360	WT901BLE68(F3:F0:16:BF:DC:AE)	-0.626	0.851	0.230	-0.244	11.719	26.184	70.88	39.41	-5.31	-80.747	59.440	-50.333	0.74728	0.50537	0.26486	-0.34042	25.9	null	null	13113	60
2026-05-27T17:12:14.444	WT901BLE68(F3:F0:16:BF:DC:AE)	-0.608	0.802	0.224	0.793	-2.930	9.094	72.17	38.02	-3.63	-80.747	59.440	-50.333	0.74728	0.50537	0.26486	-0.34042	25.9	null	null	13113	60
2026-05-27T17:12:14.563	WT901BLE68(F3:F0:16:BF:DC:AE)	-0.533	0.814	0.217	1.465	7.324	7.568	73.11	37.33	-2.65	-80.747	59.440	-50.333	0.74728	0.50537	0.26486	-0.34042	25.9	null	null	13113	60
2026-05-27T17:12:14.653	WT901BLE68(F3:F0:16:BF:DC:AE)	-0.559	0.800	0.231	-3.113	11.597	4.456	73.85	36.71	-1.76	-80.747	59.440	-50.333	0.74728	0.50537	0.26486	-0.34042	25.9	null	null	13113	60
2026-05-27T17:12:14.773	WT901BLE68(F3:F0:16:BF:DC:AE)	-0.553	0.759	0.198	1.587	-8.911	8.301	74.16	36.23	-1.39	-53.973	74.447	-60.353	0.74728	0.50537	0.26486	-0.34042	25.9	null	null	13113	60
2026-05-27T17:12:14.860	WT901BLE68(F3:F0:16:BF:DC:AE)	-0.490	0.829	0.314	-5.310	19.470	2.136	74.68	35.84	-0.86	-53.973	74.447	-60.353	0.74728	0.50537	0.26486	-0.34042	25.9	null	null	13113	60
