time	DeviceName	AccX(g)	AccY(g)	AccZ(g)	AsX(°/s)	AsY(°/s)	AsZ(°/s)	AngleX(°)	AngleY(°)	AngleZ(°)	HX(uT)	HY(uT)	HZ(uT)	Q0()	Q1()	Q2()	Q3()	Temperature(°C)	Height(m)	Pressure(kPa)	Version()	Battery level(%)
2026-05-27T17:16:18.348	WT901BLE68(F3:F0:16:BF:DC:AE)	0.486	0.867	0.184	-10.681	-0.854	-7.568	78.11	-32.90	-58.10	-34.093	45.173	-25.507	0.73392	0.42175	-0.49481	-0.19632	25.8	null	null	13113	75
2026-05-27T17:16:18.460	WT901BLE68(F3:F0:16:BF:DC:AE)	0.513	0.809	0.198	-13.062	0.061	-9.827	77.09	-31.90	-58.38	-34.093	45.173	-25.507	0.73392	0.42175	-0.49481	-0.19632	25.8	null	null	13113	75
2026-05-27T17:16:18.553	WT901BLE68(F3:F0:16:BF:DC:AE)	0.530	0.788	0.194	-9.949	15.381	-7.019	75.62	-30.88	-57.60	-34.093	45.173	-25.507	0.73392	0.42175	-0.49481	-0.19632	25.8	null	null	13113	75
2026-05-27T17:16:18.672	WT901BLE68(F3:F0:16:BF:DC:AE)	0.541	0.807	0.212	1.831	36.255	-3.357	74.23	-29.98	-55.55	-34.093	45.173	-25.507	0.73392	0.42175	-0.49481	-0.19632	25.8	null	null	13113	75
2026-05-27T17:16:18.732	WT901BLE68(F3:F0:16:BF:DC:AE)	0.412	0.752	0.157	13.489	80.444	-11.719	72.20	-28.05	-49.93	-34.093	45.173	-25.507	0.73392	0.42175	-0.49481	-0.19632	25.8	null	null	13113	75
2026-05-27T17:16:18.882	WT901BLE68(F3:F0:16:BF:DC:AE)	0.367	0.896	0.259	30.579	96.924	-41.748	70.89	-23.14	-41.84	-34.093	45.173	-25.507	0.73392	0.42175	-0.49481	-0.19632	25.8	null	null	13113	75
2026-05-27T17:16:18.941	WT901BLE68(F3:F0:16:BF:DC:AE)	0.337	1.131	0.364	21.667	125.916	-44.678	70.85	-15.07	-32.51	-38.480	42.420	-31.387	0.73392	0.42175	-0.49481	-0.19632	25.8	null	null	13113	75
2026-05-27T17:16:19.059	WT901BLE68(F3:F0:16:BF:DC:AE)	0.242	1.001	0.356	-16.113	-39.551	0.122	70.37	-11.35	-29.20	-38.480	42.420	-31.387	0.80090	0.53580	-0.22519	-0.14374	25.8	null	null	13113	75
2026-05-27T17:16:19.157	WT901BLE68(F3:F0:16:BF:DC:AE)	0.245	0.881	0.327	-30.823	-28.748	4.089	68.76	-13.50	-33.72	-38.480	42.420	-31.387	0.80090	0.53580	-0.22519	-0.14374	25.8	null	null	13113	75
2026-05-27T17:16:19.274	WT901BLE68(F3:F0:16:BF:DC:AE)	0.219	0.878	0.324	-39.185	-68.054	-30.029	66.65	-14.08	-38.36	-38.480	42.420	-31.387	0.80090	0.53580	-0.22519	-0.14374	25.8	null	null	13113	75
2026-05-27T17:16:19.364	WT901BLE68(F3:F0:16:BF:DC:AE)	0.484	0.948	0.222	-30.518	-171.936	-31.860	66.86	-16.22	-53.51	-38.480	42.420	-31.387	0.80090	0.53580	-0.22519	-0.14374	25.8	null	null	13113	75
2026-05-27T17:16:19.484	WT901BLE68(F3:F0:16:BF:DC:AE)	0.546	0.804	0.277	19.287	-21.545	13.977	69.25	-19.40	-64.51	-38.480	42.420	-31.387	0.80090	0.53580	-0.22519	-0.14374	25.8	null	null	13113	75
2026-05-27T17:16:19.540	WT901BLE68(F3:F0:16:BF:DC:AE)	0.416	0.972	0.546	34.119	157.410	38.208	70.38	-19.66	-56.85	-38.480	42.420	-31.387	0.80090	0.53580	-0.22519	-0.14374	25.8	null	null	13113	75
2026-05-27T17:16:19.662	WT901BLE68(F3:F0:16:BF:DC:AE)	-0.015	0.799	0.674	-7.385	1.465	57.373	66.88	-20.51	-44.08	-38.480	42.420	-31.387	0.80090	0.53580	-0.22519	-0.14374	25.8	null	null	13113	75
2026-05-27T17:16:19.750	WT901BLE68(F3:F0:16:BF:DC:AE)	0.081	0.697	0.521	12.085	36.987	0.732	65.52	-22.62	-42.09	-40.527	43.320	-25.313	0.80090	0.53580	-0.22519	-0.14374	25.8	null	null	13113	75
2026-05-27T17:16:19.870	WT901BLE68(F3:F0:16:BF:DC:AE)	0.176	0.897	0.577	15.930	19.836	-32.959	65.90	-19.07	-39.94	-40.527	43.320	-25.313	0.80090	0.53580	-0.22519	-0.14374	25.8	null	null	13113	75
2026-05-27T17:16:19.961	WT901BLE68(F3:F0:16:BF:DC:AE)	0.235	1.009	0.437	-0.061	-18.799	-34.546	66.40	-15.08	-41.68	-40.527	43.320	-25.313	0.80630	0.46405	-0.30157	-0.20844	25.8	null	null	13113	75
2026-05-27T17:16:20.082	WT901BLE68(F3:F0:16:BF:DC:AE)	0.305	0.795	0.333	-0.732	-37.048	-6.836	66.90	-13.57	-45.43	-40.527	43.320	-25.313	0.80630	0.46405	-0.30157	-0.20844	25.8	null	null	13113	75
2026-05-27T17:16:20.141	WT901BLE68(F3:F0:16:BF:DC:AE)	0.317	0.850	0.298	11.108	-10.559	-4.272	67.71	-14.36	-47.44	-40.527	43.320	-25.313	0.80630	0.46405	-0.30157	-0.20844	25.8	null	null	13113	75
2026-05-27T17:16:20.292	WT901BLE68(F3:F0:16:BF:DC:AE)	0.453	0.846	0.321	24.048	14.221	0.000	69.85	-14.78	-49.01	-40.527	43.320	-25.313	0.80630	0.46405	-0.30157	-0.20844	25.8	null	null	13113	75
2026-05-27T17:16:20.360	WT901BLE68(F3:F0:16:BF:DC:AE)	0.416	1.088	0.385	13.428	90.881	-0.488	70.45	-13.13	-43.13	-40.527	43.320	-25.313	0.80630	0.46405	-0.30157	-0.20844	25.8	null	null	13113	75
2026-05-27T17:16:20.474	WT901BLE68(F3:F0:16:BF:DC:AE)	0.219	0.953	0.341	-23.560	7.813	29.602	68.52	-12.66	-37.07	-40.527	43.320	-25.313	0.80630	0.46405	-0.30157	-0.20844	25.8	null	null	13113	75
2026-05-27T17:16:20.562	WT901BLE68(F3:F0:16:BF:DC:AE)	0.291	0.898	0.317	-24.353	-50.598	28.259	66.31	-17.12	-39.18	-40.527	43.320	-25.313	0.80630	0.46405	-0.30157	-0.20844	25.8	null	null	13113	75
2026-05-27T17:16:20.681	WT901BLE68(F3:F0:16:BF:DC:AE)	0.392	0.810	0.351	-2.502	29.968	24.902	65.45	-20.19	-40.42	-40.527	43.320	-25.313	0.80630	0.46405	-0.30157	-0.20844	25.8	null	null	13113	60
2026-05-27T17:16:20.770	WT901BLE68(F3:F0:16:BF:DC:AE)	0.330	0.833	0.435	-12.329	18.494	15.686	63.70	-20.67	-37.05	-40.527	43.320	-25.313	0.80630	0.46405	-0.30157	-0.20844	25.8	null	null	13113	60
2026-05-27T17:16:20.896	WT901BLE68(F3:F0:16:BF:DC:AE)	0.392	0.731	0.503	-26.123	-8.179	26.672	61.25	-22.11	-35.96	-40.527	43.320	-25.313	0.80630	0.46405	-0.30157	-0.20844	25.8	null	null	13113	60
2026-05-27T17:16:20.958	WT901BLE68(F3:F0:16:BF:DC:AE)	0.377	0.614	0.657	-27.344	82.092	30.090	56.48	-22.88	-32.04	-40.527	43.320	-25.313	0.80630	0.46405	-0.30157	-0.20844	25.8	null	null	13113	60
2026-05-27T17:16:21.073	WT901BLE68(F3:F0:16:BF:DC:AE)	0.422	0.731	0.413	-5.127	-40.466	6.042	52.83	-22.99	-29.32	-40.527	43.320	-25.313	0.80630	0.46405	-0.30157	-0.20844	25.8	null	null	13113	60
2026-05-27T17:16:21.163	WT901BLE68(F3:F0:16:BF:DC:AE)	0.309	1.268	0.476	46.204	91.003	46.082	55.73	-23.04	-26.91	-30.260	45.347	-21.093	0.80630	0.46405	-0.30157	-0.20844	25.8	null	null	13113	60
2026-05-27T17:16:21.282	WT901BLE68(F3:F0:16:BF:DC:AE)	0.063	0.728	0.883	-84.595	-108.765	59.387	52.49	-29.04	-24.33	-30.260	45.347	-21.093	0.80630	0.46405	-0.30157	-0.20844	25.8	null	null	13113	60
2026-05-27T17:16:21.371	WT901BLE68(F3:F0:16:BF:DC:AE)	0.583	0.079	0.645	-51.941	23.621	26.917	47.24	-34.65	-28.43	-30.260	45.347	-21.093	0.86768	0.33496	-0.35541	-0.09222	25.8	null	null	13113	60
2026-05-27T17:16:21.491	WT901BLE68(F3:F0:16:BF:DC:AE)	0.592	0.273	0.326	-43.701	22.339	31.860	38.82	-34.76	-23.14	-30.260	45.347	-21.093	0.86768	0.33496	-0.35541	-0.09222	25.8	null	null	13113	60
2026-05-27T17:16:21.552	WT901BLE68(F3:F0:16:BF:DC:AE)	0.588	0.885	0.230	18.188	-19.958	-10.742	38.36	-37.10	-24.35	-30.260	45.347	-21.093	0.86768	0.33496	-0.35541	-0.09222	25.8	null	null	13113	60
2026-05-27T17:16:21.701	WT901BLE68(F3:F0:16:BF:DC:AE)	0.536	0.898	0.597	20.020	2.563	22.949	42.12	-37.87	-24.85	-30.260	45.347	-21.093	0.86768	0.33496	-0.35541	-0.09222	25.8	null	null	13113	60
2026-05-27T17:16:21.766	WT901BLE68(F3:F0:16:BF:DC:AE)	0.855	0.796	0.709	-43.823	-61.584	52.734	41.89	-43.23	-26.56	-30.260	45.347	-21.093	0.86768	0.33496	-0.35541	-0.09222	25.8	null	null	13113	60
2026-05-27T17:16:21.881	WT901BLE68(F3:F0:16:BF:DC:AE)	0.547	-0.097	0.627	-35.706	-24.902	29.663	35.93	-47.49	-23.75	-30.260	45.347	-21.093	0.86768	0.33496	-0.35541	-0.09222	25.8	null	null	13113	60
2026-05-27T17:16:21.972	WT901BLE68(F3:F0:16:BF:DC:AE)	0.484	-0.378	0.225	-24.719	-18.494	-36.743	33.34	-48.39	-25.48	-30.260	45.347	-21.093	0.86768	0.33496	-0.35541	-0.09222	25.8	null	null	13113	60
2026-05-27T17:16:22.089	WT901BLE68(F3:F0:16:BF:DC:AE)	0.768	0.600	0.381	64.026	64.880	-60.059	38.16	-45.68	-29.37	-4.073	37.673	-5.993	0.86768	0.33496	-0.35541	-0.09222	25.8	null	null	13113	60
2026-05-27T17:16:22.179	WT901BLE68(F3:F0:16:BF:DC:AE)	0.763	0.964	0.517	56.763	65.063	-22.705	46.27	-40.31	-30.00	-4.073	37.673	-5.993	0.86768	0.33496	-0.35541	-0.09222	25.8	null	null	13113	60
2026-05-27T17:16:22.301	WT901BLE68(F3:F0:16:BF:DC:AE)	0.737	0.850	0.654	-20.447	-22.278	25.085	47.65	-40.95	-30.10	-4.073	37.673	-5.993	0.86841	0.28601	-0.39523	-0.08795	25.8	null	null	13113	60
2026-05-27T17:16:22.360	WT901BLE68(F3:F0:16:BF:DC:AE)	0.519	0.227	0.606	-35.278	-20.630	19.104	44.40	-44.82	-30.05	-4.073	37.673	-5.993	0.86841	0.28601	-0.39523	-0.08795	25.8	null	null	13113	60
2026-05-27T17:16:22.481	WT901BLE68(F3:F0:16:BF:DC:AE)	0.631	-0.029	0.635	-25.574	2.014	12.573	40.24	-45.53	-28.56	-4.073	37.673	-5.993	0.86841	0.28601	-0.39523	-0.08795	25.8	null	null	13113	60
2026-05-27T17:16:22.573	WT901BLE68(F3:F0:16:BF:DC:AE)	0.694	0.319	0.364	-14.893	24.414	-11.902	35.23	-44.51	-25.69	-4.073	37.673	-5.993	0.86841	0.28601	-0.39523	-0.08795	25.8	null	null	13113	60
2026-05-27T17:16:22.691	WT901BLE68(F3:F0:16:BF:DC:AE)	0.777	0.858	0.564	2.258	11.719	4.395	35.35	-42.65	-25.58	-4.073	37.673	-5.993	0.86841	0.28601	-0.39523	-0.08795	25.8	null	null	13113	60
2026-05-27T17:16:22.781	WT901BLE68(F3:F0:16:BF:DC:AE)	0.699	0.750	0.609	-24.658	-12.146	22.888	33.37	-43.64	-24.15	-4.073	37.673	-5.993	0.86841	0.28601	-0.39523	-0.08795	25.8	null	null	13113	60
2026-05-27T17:16:22.899	WT901BLE68(F3:F0:16:BF:DC:AE)	0.649	0.246	0.659	5.188	0.427	8.911	32.62	-44.86	-23.98	-4.073	37.673	-5.993	0.86841	0.28601	-0.39523	-0.08795	25.8	null	null	13113	60
2026-05-27T17:16:22.961	WT901BLE68(F3:F0:16:BF:DC:AE)	0.442	-0.103	0.708	8.362	-11.963	-32.776	34.39	-44.18	-24.93	-9.047	40.333	-8.707	0.86841	0.28601	-0.39523	-0.08795	25.8	null	null	13113	60
2026-05-27T17:16:23.079	WT901BLE68(F3:F0:16:BF:DC:AE)	0.910	0.368	0.427	24.902	-39.185	-72.876	39.76	-41.70	-32.29	-9.047	40.333	-8.707	0.86841	0.28601	-0.39523	-0.08795	25.8	null	null	13113	60
2026-05-27T17:16:23.170	WT901BLE68(F3:F0:16:BF:DC:AE)	0.568	1.071	0.461	86.548	61.401	-34.973	45.75	-35.19	-31.43	-9.047	40.333	-8.707	0.87451	0.22687	-0.40665	-0.13516	25.8	null	null	13113	60
2026-05-27T17:16:23.291	WT901BLE68(F3:F0:16:BF:DC:AE)	0.594	1.292	0.779	25.269	-28.137	20.142	52.49	-32.99	-31.48	-9.047	40.333	-8.707	0.87451	0.22687	-0.40665	-0.13516	25.8	null	null	13113	60
2026-05-27T17:16:23.381	WT901BLE68(F3:F0:16:BF:DC:AE)	0.422	0.174	0.703	-37.842	-20.325	47.546	50.04	-38.80	-31.74	-9.047	40.333	-8.707	0.87451	0.22687	-0.40665	-0.13516	25.8	null	null	13113	60
2026-05-27T17:16:23.502	WT901BLE68(F3:F0:16:BF:DC:AE)	0.649	0.098	0.537	-2.869	16.602	-20.142	46.92	-38.95	-30.80	-9.047	40.333	-8.707	0.87451	0.22687	-0.40665	-0.13516	25.8	null	null	13113	60
2026-05-27T17:16:23.593	WT901BLE68(F3:F0:16:BF:DC:AE)	0.718	0.685	0.438	19.226	8.301	-29.114	47.48	-35.80	-30.53	-9.047	40.333	-8.707	0.87451	0.22687	-0.40665	-0.13516	25.8	null	null	13113	60
2026-05-27T17:16:23.711	WT901BLE68(F3:F0:16:BF:DC:AE)	0.742	0.816	0.421	27.283	-45.471	-31.128	51.45	-33.87	-33.93	-9.047	40.333	-8.707	0.87451	0.22687	-0.40665	-0.13516	25.8	null	null	13113	60
2026-05-27T17:16:23.770	WT901BLE68(F3:F0:16:BF:DC:AE)	0.619	0.927	0.450	33.997	9.888	1.038	54.82	-32.24	-33.80	-9.047	40.333	-8.707	0.87451	0.22687	-0.40665	-0.13516	25.8	null	null	13113	60
2026-05-27T17:16:23.889	WT901BLE68(F3:F0:16:BF:DC:AE)	0.527	0.871	0.607	-0.732	-7.751	14.832	55.67	-32.66	-32.38	-29.233	46.393	-28.053	0.87451	0.22687	-0.40665	-0.13516	25.8	null	null	13113	60
2026-05-27T17:16:23.981	WT901BLE68(F3:F0:16:BF:DC:AE)	0.558	0.450	0.530	-4.761	14.526	9.094	54.76	-34.18	-32.37	-29.233	46.393	-28.053	0.87451	0.22687	-0.40665	-0.13516	25.8	null	null	13113	60
2026-05-27T17:16:24.099	WT901BLE68(F3:F0:16:BF:DC:AE)	0.476	0.523	0.478	5.127	1.648	-37.476	54.64	-32.03	-32.36	-29.233	46.393	-28.053	0.85641	0.35071	-0.36343	-0.10663	25.8	null	null	13113	60
2026-05-27T17:16:24.189	WT901BLE68(F3:F0:16:BF:DC:AE)	0.516	0.893	0.428	19.470	-40.405	-50.964	57.47	-28.35	-36.23	-29.233	46.393	-28.053	0.85641	0.35071	-0.36343	-0.10663	25.8	null	null	13113	60
2026-05-27T17:16:24.312	WT901BLE68(F3:F0:16:BF:DC:AE)	0.464	1.143	0.508	29.602	20.325	-21.606	60.07	-24.00	-36.25	-29.233	46.393	-28.053	0.85641	0.35071	-0.36343	-0.10663	25.8	null	null	13113	60
2026-05-27T17:16:24.369	WT901BLE68(F3:F0:16:BF:DC:AE)	0.479	1.079	0.539	-15.442	4.395	39.551	61.07	-23.70	-35.29	-29.233	46.393	-28.053	0.85641	0.35071	-0.36343	-0.10663	25.8	null	null	13113	60
2026-05-27T17:16:24.494	WT901BLE68(F3:F0:16:BF:DC:AE)	0.449	0.733	0.578	-47.363	-38.391	52.307	57.12	-28.42	-33.58	-29.233	46.393	-28.053	0.85641	0.35071	-0.36343	-0.10663	25.8	null	null	13113	60
2026-05-27T17:16:24.579	WT901BLE68(F3:F0:16:BF:DC:AE)	0.484	0.439	0.313	-21.362	-16.296	11.292	53.65	-33.29	-34.97	-29.233	46.393	-28.053	0.85641	0.35071	-0.36343	-0.10663	25.8	null	null	13113	60
2026-05-27T17:16:24.702	WT901BLE68(F3:F0:16:BF:DC:AE)	0.334	0.880	0.322	36.560	-34.302	-37.170	55.51	-32.93	-36.94	-29.233	46.393	-28.053	0.85641	0.35071	-0.36343	-0.10663	25.8	null	null	13113	60
2026-05-27T17:16:24.791	WT901BLE68(F3:F0:16:BF:DC:AE)	0.494	1.080	0.388	33.020	38.452	-5.859	60.87	-29.93	-39.04	-33.327	45.720	-30.140	0.85641	0.35071	-0.36343	-0.10663	25.8	null	null	13113	60
2026-05-27T17:16:24.913	WT901BLE68(F3:F0:16:BF:DC:AE)	0.575	0.977	0.500	-3.174	19.226	30.884	62.32	-30.35	-37.53	-33.327	45.720	-30.140	0.85641	0.35071	-0.36343	-0.10663	25.8	null	null	13113	60
2026-05-27T17:16:25.001	WT901BLE68(F3:F0:16:BF:DC:AE)	0.581	0.631	0.475	-28.198	9.277	34.119	59.67	-32.79	-35.13	-33.327	45.720	-30.140	0.82944	0.39471	-0.37415	-0.12704	25.8	null	null	13113	60
2026-05-27T17:16:25.126	WT901BLE68(F3:F0:16:BF:DC:AE)	0.613	0.379	0.542	-34.485	-16.113	12.695	55.79	-35.21	-33.89	-33.327	45.720	-30.140	0.82944	0.39471	-0.37415	-0.12704	25.8	null	null	13113	60
2026-05-27T17:16:25.182	WT901BLE68(F3:F0:16:BF:DC:AE)	0.484	0.322	0.495	-24.048	-20.996	-5.615	52.24	-36.28	-33.91	-33.327	45.720	-30.140	0.82944	0.39471	-0.37415	-0.12704	25.8	null	null	13113	60
2026-05-27T17:16:25.305	WT901BLE68(F3:F0:16:BF:DC:AE)	0.394	0.654	0.300	25.818	65.979	-68.542	51.43	-33.02	-34.29	-33.327	45.720	-30.140	0.82944	0.39471	-0.37415	-0.12704	25.8	null	null	13113	60
2026-05-27T17:16:25.395	WT901BLE68(F3:F0:16:BF:DC:AE)	0.530	1.438	0.626	97.229	48.645	-85.327	59.36	-23.24	-35.68	-33.327	45.720	-30.140	0.82944	0.39471	-0.37415	-0.12704	25.8	null	null	13113	60
2026-05-27T17:16:25.514	WT901BLE68(F3:F0:16:BF:DC:AE)	0.369	1.098	0.542	-15.991	-52.002	43.884	61.67	-18.03	-30.43	-33.327	45.720	-30.140	0.82944	0.39471	-0.37415	-0.12704	25.8	null	null	13113	60
2026-05-27T17:16:25.604	WT901BLE68(F3:F0:16:BF:DC:AE)	0.326	0.935	0.625	-42.603	-16.663	57.617	58.16	-23.37	-29.26	-33.327	45.720	-30.140	0.82944	0.39471	-0.37415	-0.12704	25.8	null	null	13113	60
2026-05-27T17:16:25.724	WT901BLE68(F3:F0:16:BF:DC:AE)	0.418	0.625	0.667	-63.782	-37.170	39.917	53.29	-29.31	-29.94	-26.760	46.473	-31.807	0.82944	0.39471	-0.37415	-0.12704	25.8	null	null	13113	60
2026-05-27T17:16:25.784	WT901BLE68(F3:F0:16:BF:DC:AE)	0.517	0.286	0.450	-53.223	-36.560	9.277	48.32	-33.81	-32.01	-26.760	46.473	-31.807	0.82944	0.39471	-0.37415	-0.12704	25.8	null	null	13113	60
2026-05-27T17:16:25.901	WT901BLE68(F3:F0:16:BF:DC:AE)	0.474	0.466	0.358	0.427	-50.171	-18.799	46.71	-35.51	-34.61	-26.760	46.473	-31.807	0.87393	0.28702	-0.36887	-0.13309	25.8	null	null	13113	60
2026-05-27T17:16:25.994	WT901BLE68(F3:F0:16:BF:DC:AE)	0.474	0.812	0.364	53.711	47.729	-10.193	50.81	-34.17	-36.45	-26.760	46.473	-31.807	0.87393	0.28702	-0.36887	-0.13309	25.8	null	null	13113	60
2026-05-27T17:16:26.113	WT901BLE68(F3:F0:16:BF:DC:AE)	0.519	0.993	0.528	-1.465	-10.742	33.569	51.79	-32.25	-32.24	-26.760	46.473	-31.807	0.87393	0.28702	-0.36887	-0.13309	25.8	null	null	13113	60
2026-05-27T17:16:26.202	WT901BLE68(F3:F0:16:BF:DC:AE)	0.535	0.697	0.604	-19.409	16.724	58.472	48.90	-35.36	-28.23	-26.760	46.473	-31.807	0.87393	0.28702	-0.36887	-0.13309	25.8	null	null	13113	60
2026-05-27T17:16:26.328	WT901BLE68(F3:F0:16:BF:DC:AE)	0.519	0.309	0.720	-55.298	16.968	37.781	42.51	-37.54	-23.26	-26.760	46.473	-31.807	0.87393	0.28702	-0.36887	-0.13309	25.8	null	null	13113	60
2026-05-27T17:16:26.413	WT901BLE68(F3:F0:16:BF:DC:AE)	0.560	0.058	0.707	-63.843	8.057	16.907	34.41	-38.73	-20.49	-26.760	46.473	-31.807	0.87393	0.28702	-0.36887	-0.13309	25.8	null	null	13113	60
2026-05-27T17:16:26.533	WT901BLE68(F3:F0:16:BF:DC:AE)	0.546	0.061	0.516	-34.668	8.301	7.813	26.94	-38.40	-17.83	-26.760	46.473	-31.807	0.87393	0.28702	-0.36887	-0.13309	25.8	null	null	13113	60
2026-05-27T17:16:26.592	WT901BLE68(F3:F0:16:BF:DC:AE)	0.590	0.346	0.441	10.254	26.123	-19.104	25.16	-37.05	-17.79	-7.487	36.493	-1.533	0.87393	0.28702	-0.36887	-0.13309	25.8	null	null	13113	60
2026-05-27T17:16:26.714	WT901BLE68(F3:F0:16:BF:DC:AE)	0.627	0.682	0.542	20.142	0.977	-7.263	27.75	-35.28	-19.45	-7.487	36.493	-1.533	0.87393	0.28702	-0.36887	-0.13309	25.8	null	null	13113	60
2026-05-27T17:16:26.801	WT901BLE68(F3:F0:16:BF:DC:AE)	0.590	0.710	0.765	10.681	-1.892	22.705	29.51	-35.66	-19.30	-7.487	36.493	-1.533	0.92209	0.18188	-0.33066	-0.08490	25.8	null	null	13113	60
2026-05-27T17:16:26.923	WT901BLE68(F3:F0:16:BF:DC:AE)	0.509	0.380	0.905	-17.151	1.404	29.968	28.28	-37.00	-17.39	-7.487	36.493	-1.533	0.92209	0.18188	-0.33066	-0.08490	25.8	null	null	13113	60
2026-05-27T17:16:27.014	WT901BLE68(F3:F0:16:BF:DC:AE)	0.521	0.028	0.777	-40.344	-21.362	13.184	24.29	-38.56	-16.13	-7.487	36.493	-1.533	0.92209	0.18188	-0.33066	-0.08490	25.8	null	null	13113	60
2026-05-27T17:16:27.133	WT901BLE68(F3:F0:16:BF:DC:AE)	0.500	0.003	0.565	-18.127	3.906	-0.183	20.49	-40.19	-15.94	-7.487	36.493	-1.533	0.92209	0.18188	-0.33066	-0.08490	25.8	null	null	13113	60
2026-05-27T17:16:27.193	WT901BLE68(F3:F0:16:BF:DC:AE)	0.547	0.293	0.636	50.171	39.124	-25.635	22.47	-37.72	-16.77	-7.487	36.493	-1.533	0.92209	0.18188	-0.33066	-0.08490	25.8	null	null	13113	60
2026-05-27T17:16:27.315	WT901BLE68(F3:F0:16:BF:DC:AE)	0.490	0.610	0.779	61.523	-0.916	-26.489	29.23	-32.79	-18.02	-7.487	36.493	-1.533	0.92209	0.18188	-0.33066	-0.08490	25.8	null	null	13113	60
2026-05-27T17:16:27.401	WT901BLE68(F3:F0:16:BF:DC:AE)	0.527	0.565	0.794	42.664	-2.625	-10.254	34.74	-31.44	-20.00	-7.487	36.493	-1.533	0.92209	0.18188	-0.33066	-0.08490	25.8	null	null	13113	60
2026-05-27T17:16:27.523	WT901BLE68(F3:F0:16:BF:DC:AE)	0.464	0.512	0.799	24.658	-5.859	-16.785	38.88	-30.42	-21.44	-12.340	39.987	-8.353	0.92209	0.18188	-0.33066	-0.08490	25.8	null	null	13113	60
2026-05-27T17:16:27.614	WT901BLE68(F3:F0:16:BF:DC:AE)	0.506	0.468	0.640	6.714	-12.390	-28.870	40.85	-29.78	-24.20	-12.340	39.987	-8.353	0.92209	0.18188	-0.33066	-0.08490	25.8	null	null	13113	60
2026-05-27T17:16:27.733	WT901BLE68(F3:F0:16:BF:DC:AE)	0.613	0.583	0.519	13.733	-27.466	-40.649	44.17	-29.13	-29.37	-12.340	39.987	-8.353	0.90140	0.28253	-0.30847	-0.11124	25.8	null	null	13113	60
2026-05-27T17:16:27.824	WT901BLE68(F3:F0:16:BF:DC:AE)	0.662	0.638	0.437	19.897	-11.841	-34.363	48.48	-28.92	-34.99	-12.340	39.987	-8.353	0.90140	0.28253	-0.30847	-0.11124	25.8	null	null	13113	60
2026-05-27T17:16:27.945	WT901BLE68(F3:F0:16:BF:DC:AE)	0.604	0.774	0.465	17.761	-6.470	-18.555	52.04	-28.54	-37.96	-12.340	39.987	-8.353	0.90140	0.28253	-0.30847	-0.11124	25.8	null	null	13113	60
2026-05-27T17:16:28.005	WT901BLE68(F3:F0:16:BF:DC:AE)	0.554	0.837	0.485	13.123	-10.803	3.296	54.63	-29.22	-39.73	-12.340	39.987	-8.353	0.90140	0.28253	-0.30847	-0.11124	25.8	null	null	13113	60
2026-05-27T17:16:28.123	WT901BLE68(F3:F0:16:BF:DC:AE)	0.493	0.764	0.479	10.071	-2.441	21.790	55.96	-31.07	-39.57	-12.340	39.987	-8.353	0.90140	0.28253	-0.30847	-0.11124	25.8	null	null	13113	60
2026-05-27T17:16:28.216	WT901BLE68(F3:F0:16:BF:DC:AE)	0.518	0.710	0.439	11.230	5.493	13.977	56.33	-32.43	-37.74	-12.340	39.987	-8.353	0.90140	0.28253	-0.30847	-0.11124	25.8	null	null	13113	60
2026-05-27T17:16:28.334	WT901BLE68(F3:F0:16:BF:DC:AE)	0.566	0.708	0.447	9.155	3.662	11.230	57.05	-33.26	-36.70	-12.340	39.987	-8.353	0.90140	0.28253	-0.30847	-0.11124	25.8	null	null	13113	60
2026-05-27T17:16:28.423	WT901BLE68(F3:F0:16:BF:DC:AE)	0.564	0.728	0.481	6.775	0.732	4.639	57.53	-33.64	-35.72	-18.193	43.100	-24.847	0.90140	0.28253	-0.30847	-0.11124	25.8	null	null	13113	60
2026-05-27T17:16:28.542	WT901BLE68(F3:F0:16:BF:DC:AE)	0.550	0.705	0.417	3.662	5.066	1.770	57.74	-33.85	-35.23	-18.193	43.100	-24.847	0.90140	0.28253	-0.30847	-0.11124	25.8	null	null	13113	60
2026-05-27T17:16:28.600	WT901BLE68(F3:F0:16:BF:DC:AE)	0.561	0.726	0.436	1.343	-0.244	-0.122	57.82	-33.58	-34.45	-18.193	43.100	-24.847	0.84174	0.36554	-0.37973	-0.11636	25.8	null	null	13113	60
