time	DeviceName	AccX(g)	AccY(g)	AccZ(g)	AsX(°/s)	AsY(°/s)	AsZ(°/s)	AngleX(°)	AngleY(°)	AngleZ(°)	HX(uT)	HY(uT)	HZ(uT)	Q0()	Q1()	Q2()	Q3()	Temperature(°C)	Height(m)	Pressure(kPa)	Version()	Battery level(%)
2026-05-27T17:20:34.842	WT901BLE68(F3:F0:16:BF:DC:AE)	-0.031	0.982	-0.195	1.770	0.793	1.404	100.95	-1.19	-51.10	-60.540	22.640	-52.260	-0.57617	-0.69922	0.32703	0.26846	25.4	null	null	13113	60
2026-05-27T17:20:34.930	WT901BLE68(F3:F0:16:BF:DC:AE)	0.050	0.969	-0.214	3.052	2.563	-1.038	101.24	-1.24	-51.21	-59.473	23.833	-52.107	-0.57617	-0.69922	0.32703	0.26846	25.4	null	null	13113	60
2026-05-27T17:20:35.053	WT901BLE68(F3:F0:16:BF:DC:AE)	0.011	0.968	-0.183	0.427	6.836	-2.869	101.41	-1.35	-49.71	-59.473	23.833	-52.107	-0.57617	-0.69922	0.32703	0.26846	25.4	null	null	13113	60
2026-05-27T17:20:35.144	WT901BLE68(F3:F0:16:BF:DC:AE)	0.093	0.966	-0.233	-2.136	14.526	-9.583	101.47	-1.02	-48.74	-59.473	23.833	-52.107	-0.57849	-0.70038	0.32971	0.25690	25.4	null	null	13113	60
2026-05-27T17:20:35.261	WT901BLE68(F3:F0:16:BF:DC:AE)	-0.005	0.955	-0.291	6.653	39.795	-18.616	101.53	-0.42	-45.54	-59.473	23.833	-52.107	-0.57849	-0.70038	0.32971	0.25690	25.4	null	null	13113	60
2026-05-27T17:20:35.322	WT901BLE68(F3:F0:16:BF:DC:AE)	-0.049	1.059	-0.036	-3.418	19.409	-7.751	101.95	0.16	-41.82	-59.473	23.833	-52.107	-0.57849	-0.70038	0.32971	0.25690	25.4	null	null	13113	60
2026-05-27T17:20:35.443	WT901BLE68(F3:F0:16:BF:DC:AE)	0.033	0.985	-0.229	-7.690	-13.306	-0.427	101.23	0.44	-42.52	-59.473	23.833	-52.107	-0.57849	-0.70038	0.32971	0.25690	25.4	null	null	13113	60
2026-05-27T17:20:35.533	WT901BLE68(F3:F0:16:BF:DC:AE)	0.033	0.983	-0.245	-9.216	4.211	-11.536	100.23	0.97	-43.36	-59.473	23.833	-52.107	-0.57849	-0.70038	0.32971	0.25690	25.4	null	null	13113	60
2026-05-27T17:20:35.652	WT901BLE68(F3:F0:16:BF:DC:AE)	-0.028	0.973	-0.238	-13.916	-6.104	-14.160	99.33	2.04	-43.34	-59.473	23.833	-52.107	-0.57849	-0.70038	0.32971	0.25690	25.4	null	null	13113	60
2026-05-27T17:20:35.742	WT901BLE68(F3:F0:16:BF:DC:AE)	0.021	0.943	-0.296	-18.311	-15.808	-11.414	98.22	3.30	-44.61	-59.473	23.833	-52.107	-0.57849	-0.70038	0.32971	0.25690	25.4	null	null	13113	60
2026-05-27T17:20:35.864	WT901BLE68(F3:F0:16:BF:DC:AE)	-0.209	1.037	-0.048	-58.228	-22.705	-7.385	95.27	4.53	-47.30	-61.640	21.873	-53.787	-0.57849	-0.70038	0.32971	0.25690	25.4	null	null	13113	60
2026-05-27T17:20:35.920	WT901BLE68(F3:F0:16:BF:DC:AE)	-0.131	1.152	0.165	-53.040	-49.622	17.090	88.26	3.96	-50.55	-61.640	21.873	-53.787	-0.57849	-0.70038	0.32971	0.25690	25.4	null	null	13113	60
2026-05-27T17:20:36.070	WT901BLE68(F3:F0:16:BF:DC:AE)	0.000	0.969	0.237	-16.663	3.357	-1.709	85.86	3.40	-53.89	-61.640	21.873	-53.787	-0.64304	-0.62476	0.28360	0.34009	25.4	null	null	13113	60
2026-05-27T17:20:36.131	WT901BLE68(F3:F0:16:BF:DC:AE)	-0.107	0.906	0.065	-30.945	49.377	5.066	84.01	3.25	-51.26	-61.640	21.873	-53.787	-0.64304	-0.62476	0.28360	0.34009	25.4	null	null	13113	60
2026-05-27T17:20:36.256	WT901BLE68(F3:F0:16:BF:DC:AE)	-0.024	0.862	-0.160	29.907	-42.114	11.047	81.28	3.07	-49.91	-61.640	21.873	-53.787	-0.64304	-0.62476	0.28360	0.34009	25.4	null	null	13113	60
2026-05-27T17:20:36.340	WT901BLE68(F3:F0:16:BF:DC:AE)	-0.147	0.930	0.061	56.458	-29.907	6.714	86.43	1.65	-53.17	-61.640	21.873	-53.787	-0.64304	-0.62476	0.28360	0.34009	25.4	null	null	13113	60
2026-05-27T17:20:36.464	WT901BLE68(F3:F0:16:BF:DC:AE)	-0.317	1.167	-0.063	91.187	0.977	-3.601	93.85	1.01	-53.89	-61.640	21.873	-53.787	-0.64304	-0.62476	0.28360	0.34009	25.4	null	null	13113	60
2026-05-27T17:20:36.551	WT901BLE68(F3:F0:16:BF:DC:AE)	0.081	0.920	0.018	54.443	-8.301	-5.554	97.72	1.83	-51.25	-61.640	21.873	-53.787	-0.64304	-0.62476	0.28360	0.34009	25.4	null	null	13113	60
2026-05-27T17:20:36.674	WT901BLE68(F3:F0:16:BF:DC:AE)	0.076	1.006	-0.128	6.653	5.798	1.526	99.20	1.26	-51.75	-61.640	21.873	-53.787	-0.64304	-0.62476	0.28360	0.34009	25.4	null	null	13113	60
2026-05-27T17:20:36.730	WT901BLE68(F3:F0:16:BF:DC:AE)	-0.097	0.944	-0.211	8.972	17.639	3.296	99.81	0.49	-49.93	-62.933	22.980	-51.827	-0.64304	-0.62476	0.28360	0.34009	25.4	null	null	13113	60
2026-05-27T17:20:36.854	WT901BLE68(F3:F0:16:BF:DC:AE)	0.037	0.988	-0.153	8.484	24.536	0.732	100.51	0.08	-48.21	-62.933	22.980	-51.827	-0.64304	-0.62476	0.28360	0.34009	25.4	null	null	13113	60
2026-05-27T17:20:36.942	WT901BLE68(F3:F0:16:BF:DC:AE)	0.045	0.959	-0.255	10.620	26.367	-1.221	101.18	-0.53	-45.55	-62.933	22.980	-51.827	-0.58438	-0.70493	0.31018	0.25546	25.4	null	null	13113	60
2026-05-27T17:20:37.065	WT901BLE68(F3:F0:16:BF:DC:AE)	0.055	1.010	-0.179	6.653	38.635	-5.981	102.16	-0.91	-42.45	-62.933	22.980	-51.827	-0.58438	-0.70493	0.31018	0.25546	25.4	null	null	13113	60
2026-05-27T17:20:37.152	WT901BLE68(F3:F0:16:BF:DC:AE)	-0.013	0.971	-0.274	-0.366	11.475	-0.671	102.33	-1.15	-40.22	-62.933	22.980	-51.827	-0.58438	-0.70493	0.31018	0.25546	25.4	null	null	13113	60
2026-05-27T17:20:37.272	WT901BLE68(F3:F0:16:BF:DC:AE)	0.028	0.981	-0.222	-2.747	-5.310	4.395	102.22	-1.37	-40.56	-62.933	22.980	-51.827	-0.58438	-0.70493	0.31018	0.25546	25.4	null	null	13113	60
2026-05-27T17:20:37.334	WT901BLE68(F3:F0:16:BF:DC:AE)	0.118	0.991	-0.148	-4.089	-13.245	2.686	102.06	-1.57	-42.09	-62.933	22.980	-51.827	-0.58438	-0.70493	0.31018	0.25546	25.4	null	null	13113	60
2026-05-27T17:20:37.459	WT901BLE68(F3:F0:16:BF:DC:AE)	0.118	0.958	-0.263	1.831	8.240	-7.507	101.89	-1.48	-42.58	-62.933	22.980	-51.827	-0.58438	-0.70493	0.31018	0.25546	25.4	null	null	13113	60
2026-05-27T17:20:37.543	WT901BLE68(F3:F0:16:BF:DC:AE)	0.026	0.989	-0.251	0.549	10.681	-8.179	102.08	-1.02	-41.67	-62.933	22.980	-51.827	-0.58438	-0.70493	0.31018	0.25546	25.4	null	null	13113	60
2026-05-27T17:20:37.663	WT901BLE68(F3:F0:16:BF:DC:AE)	-0.001	1.002	-0.209	-6.714	-17.395	-1.404	101.77	-0.54	-42.13	-54.200	21.580	-59.473	-0.58438	-0.70493	0.31018	0.25546	25.4	null	null	13113	60
2026-05-27T17:20:37.753	WT901BLE68(F3:F0:16:BF:DC:AE)	-0.009	0.939	-0.218	-15.747	-22.644	1.099	100.18	-0.18	-44.52	-54.200	21.580	-59.473	-0.58438	-0.70493	0.31018	0.25546	25.4	null	null	13113	60
2026-05-27T17:20:37.871	WT901BLE68(F3:F0:16:BF:DC:AE)	-0.048	0.977	-0.171	-8.423	-12.268	-4.761	99.34	0.32	-45.92	-54.200	21.580	-59.473	-0.59457	-0.70645	0.29398	0.24670	25.4	null	null	13113	60
2026-05-27T17:20:37.971	WT901BLE68(F3:F0:16:BF:DC:AE)	-0.014	1.047	-0.011	-28.381	-13.672	5.005	97.86	0.49	-47.07	-54.200	21.580	-59.473	-0.59457	-0.70645	0.29398	0.24670	25.4	null	null	13113	60
2026-05-27T17:20:38.083	WT901BLE68(F3:F0:16:BF:DC:AE)	-0.011	1.095	0.148	-71.472	-28.625	9.583	92.83	-0.05	-49.60	-54.200	21.580	-59.473	-0.59457	-0.70645	0.29398	0.24670	25.4	null	null	13113	60
2026-05-27T17:20:38.142	WT901BLE68(F3:F0:16:BF:DC:AE)	-0.170	1.006	-0.027	-84.961	-69.641	1.831	82.07	-0.43	-53.31	-54.200	21.580	-59.473	-0.59457	-0.70645	0.29398	0.24670	25.4	null	null	13113	60
2026-05-27T17:20:38.268	WT901BLE68(F3:F0:16:BF:DC:AE)	0.221	0.845	-0.233	-15.137	-18.555	1.770	77.96	-1.49	-57.66	-54.200	21.580	-59.473	-0.59457	-0.70645	0.29398	0.24670	25.4	null	null	13113	60
2026-05-27T17:20:38.357	WT901BLE68(F3:F0:16:BF:DC:AE)	0.067	0.816	0.212	2.441	77.454	15.625	78.40	-1.73	-53.03	-54.200	21.580	-59.473	-0.59457	-0.70645	0.29398	0.24670	25.4	null	null	13113	60
2026-05-27T17:20:38.472	WT901BLE68(F3:F0:16:BF:DC:AE)	0.192	1.234	1.167	-43.518	72.510	37.231	75.73	-2.46	-46.09	-54.200	21.580	-59.473	-0.59457	-0.70645	0.29398	0.24670	25.4	null	null	13113	60
2026-05-27T17:20:38.570	WT901BLE68(F3:F0:16:BF:DC:AE)	0.458	1.091	0.252	-35.034	7.874	54.749	72.86	-5.75	-46.68	-55.693	34.233	-39.687	-0.59457	-0.70645	0.29398	0.24670	25.4	null	null	13113	60
2026-05-27T17:20:38.685	WT901BLE68(F3:F0:16:BF:DC:AE)	-0.021	1.038	0.228	-25.391	6.775	10.925	69.30	-7.23	-43.94	-55.693	34.233	-39.687	-0.59457	-0.70645	0.29398	0.24670	25.4	null	null	13113	60
2026-05-27T17:20:38.742	WT901BLE68(F3:F0:16:BF:DC:AE)	0.133	0.952	0.375	-7.629	-10.559	10.864	68.21	-8.23	-44.38	-55.693	34.233	-39.687	-0.77847	-0.50018	0.26175	0.27420	25.4	null	null	13113	60
2026-05-27T17:20:38.866	WT901BLE68(F3:F0:16:BF:DC:AE)	0.210	0.874	0.449	-3.601	-6.836	3.113	67.84	-8.83	-45.26	-55.693	34.233	-39.687	-0.77847	-0.50018	0.26175	0.27420	25.4	null	null	13113	60
2026-05-27T17:20:38.953	WT901BLE68(F3:F0:16:BF:DC:AE)	0.250	0.883	0.399	-3.174	11.597	6.409	67.28	-9.27	-45.20	-55.693	34.233	-39.687	-0.77847	-0.50018	0.26175	0.27420	25.4	null	null	13113	60
2026-05-27T17:20:39.073	WT901BLE68(F3:F0:16:BF:DC:AE)	0.093	0.931	0.423	-6.653	-0.854	2.991	66.68	-9.72	-44.86	-55.693	34.233	-39.687	-0.77847	-0.50018	0.26175	0.27420	25.4	null	null	13113	60
2026-05-27T17:20:39.169	WT901BLE68(F3:F0:16:BF:DC:AE)	0.229	0.891	0.442	-14.709	-12.695	-0.916	65.49	-9.77	-45.94	-55.693	34.233	-39.687	-0.77847	-0.50018	0.26175	0.27420	25.4	null	null	13113	60
2026-05-27T17:20:39.284	WT901BLE68(F3:F0:16:BF:DC:AE)	0.207	0.864	0.463	-19.958	1.282	7.019	63.59	-10.18	-46.28	-55.693	34.233	-39.687	-0.77847	-0.50018	0.26175	0.27420	25.4	null	null	13113	60
2026-05-27T17:20:39.374	WT901BLE68(F3:F0:16:BF:DC:AE)	0.281	0.879	0.474	-13.062	10.071	11.414	61.80	-10.85	-45.49	-55.693	34.233	-39.687	-0.77847	-0.50018	0.26175	0.27420	25.4	null	null	13113	60
2026-05-27T17:20:39.495	WT901BLE68(F3:F0:16:BF:DC:AE)	0.153	0.841	0.508	-11.780	15.686	9.888	60.29	-11.23	-43.77	-47.887	39.553	-26.493	-0.77847	-0.50018	0.26175	0.27420	25.4	null	null	13113	60
2026-05-27T17:20:39.553	WT901BLE68(F3:F0:16:BF:DC:AE)	0.256	0.816	0.534	-18.433	12.146	3.052	58.18	-11.15	-42.75	-47.887	39.553	-26.493	-0.77847	-0.50018	0.26175	0.27420	25.4	null	null	13113	60
2026-05-27T17:20:39.673	WT901BLE68(F3:F0:16:BF:DC:AE)	0.145	0.862	0.527	-11.902	8.728	5.676	56.53	-10.93	-41.99	-47.887	39.553	-26.493	-0.83072	-0.41498	0.25134	0.27280	25.4	null	null	13113	60
2026-05-27T17:20:39.768	WT901BLE68(F3:F0:16:BF:DC:AE)	0.135	0.844	0.576	-7.202	2.625	2.808	55.70	-10.90	-41.74	-47.887	39.553	-26.493	-0.83072	-0.41498	0.25134	0.27280	25.4	null	null	13113	60
2026-05-27T17:20:39.888	WT901BLE68(F3:F0:16:BF:DC:AE)	0.154	0.768	0.612	-5.310	5.798	5.005	55.20	-10.89	-41.59	-47.887	39.553	-26.493	-0.83072	-0.41498	0.25134	0.27280	25.4	null	null	13113	60
2026-05-27T17:20:39.972	WT901BLE68(F3:F0:16:BF:DC:AE)	0.155	0.721	0.626	-13.977	-4.028	-1.221	53.93	-10.82	-41.93	-47.887	39.553	-26.493	-0.83072	-0.41498	0.25134	0.27280	25.4	null	null	13113	60
2026-05-27T17:20:40.095	WT901BLE68(F3:F0:16:BF:DC:AE)	0.205	0.757	0.634	-19.653	-1.343	1.587	52.01	-11.04	-42.54	-47.887	39.553	-26.493	-0.83072	-0.41498	0.25134	0.27280	25.4	null	null	13113	60
2026-05-27T17:20:40.155	WT901BLE68(F3:F0:16:BF:DC:AE)	0.134	0.771	0.657	-22.278	-14.771	-5.249	49.91	-11.15	-43.57	-47.887	39.553	-26.493	-0.83072	-0.41498	0.25134	0.27280	25.4	null	null	13113	60
2026-05-27T17:20:40.273	WT901BLE68(F3:F0:16:BF:DC:AE)	0.276	0.688	0.656	-18.616	3.723	4.883	47.97	-11.44	-44.45	-47.887	39.553	-26.493	-0.83072	-0.41498	0.25134	0.27280	25.4	null	null	13113	60
2026-05-27T17:20:40.367	WT901BLE68(F3:F0:16:BF:DC:AE)	0.171	0.753	0.699	-12.573	4.089	4.761	46.32	-11.84	-44.23	-46.013	39.127	-14.640	-0.83072	-0.41498	0.25134	0.27280	25.4	null	null	13113	60
2026-05-27T17:20:40.482	WT901BLE68(F3:F0:16:BF:DC:AE)	0.208	0.658	0.706	-11.902	7.507	0.793	45.09	-11.49	-44.01	-46.013	39.127	-14.640	-0.83072	-0.41498	0.25134	0.27280	25.4	null	null	13113	60
2026-05-27T17:20:40.574	WT901BLE68(F3:F0:16:BF:DC:AE)	0.156	0.517	0.665	-34.424	8.972	7.690	44.00	-11.70	-44.27	-46.013	39.127	-14.640	-0.86725	-0.31540	0.22763	0.31061	25.4	null	null	13113	60
2026-05-27T17:20:40.695	WT901BLE68(F3:F0:16:BF:DC:AE)	0.218	0.525	0.702	-33.386	0.732	15.747	40.92	-12.24	-43.54	-46.013	39.127	-14.640	-0.86725	-0.31540	0.22763	0.31061	25.4	null	null	13113	60
2026-05-27T17:20:40.784	WT901BLE68(F3:F0:16:BF:DC:AE)	0.110	0.432	0.766	-37.598	0.977	13.000	37.32	-13.24	-42.88	-46.013	39.127	-14.640	-0.86725	-0.31540	0.22763	0.31061	25.4	null	null	13113	60
2026-05-27T17:20:40.904	WT901BLE68(F3:F0:16:BF:DC:AE)	0.250	0.529	0.851	-44.189	-3.540	12.085	33.35	-14.09	-42.79	-46.013	39.127	-14.640	-0.86725	-0.31540	0.22763	0.31061	25.4	null	null	13113	60
2026-05-27T17:20:40.967	WT901BLE68(F3:F0:16:BF:DC:AE)	0.241	0.607	0.858	-21.362	3.662	8.850	30.36	-14.96	-42.52	-46.013	39.127	-14.640	-0.86725	-0.31540	0.22763	0.31061	25.4	null	null	13113	60
2026-05-27T17:20:41.086	WT901BLE68(F3:F0:16:BF:DC:AE)	0.229	0.525	0.863	-9.033	0.977	2.686	28.91	-14.84	-42.71	-46.013	39.127	-14.640	-0.86725	-0.31540	0.22763	0.31061	25.4	null	null	13113	60
2026-05-27T17:20:41.172	WT901BLE68(F3:F0:16:BF:DC:AE)	0.322	0.475	0.866	5.188	1.465	1.892	28.89	-14.72	-43.57	-46.013	39.127	-14.640	-0.86725	-0.31540	0.22763	0.31061	25.4	null	null	13113	60
2026-05-27T17:20:41.296	WT901BLE68(F3:F0:16:BF:DC:AE)	0.255	0.545	0.942	16.296	-0.854	-3.418	30.08	-14.78	-44.19	-38.653	35.707	3.180	-0.86725	-0.31540	0.22763	0.31061	25.4	null	null	13113	60
2026-05-27T17:20:41.383	WT901BLE68(F3:F0:16:BF:DC:AE)	0.138	0.516	0.892	30.090	12.817	0.549	32.02	-14.21	-43.85	-38.653	35.707	3.180	-0.86725	-0.31540	0.22763	0.31061	25.4	null	null	13113	60
2026-05-27T17:20:41.502	WT901BLE68(F3:F0:16:BF:DC:AE)	0.330	0.590	0.791	41.199	0.244	-3.845	35.66	-14.14	-44.93	-38.653	35.707	3.180	-0.89523	-0.21820	0.21411	0.32404	25.4	null	null	13113	60
2026-05-27T17:20:41.567	WT901BLE68(F3:F0:16:BF:DC:AE)	0.276	0.563	0.769	42.786	4.395	-6.165	39.66	-13.82	-45.38	-38.653	35.707	3.180	-0.89523	-0.21820	0.21411	0.32404	25.4	null	null	13113	60
2026-05-27T17:20:41.687	WT901BLE68(F3:F0:16:BF:DC:AE)	0.201	0.575	0.747	37.354	-7.568	-4.700	43.30	-13.15	-45.74	-38.653	35.707	3.180	-0.89523	-0.21820	0.21411	0.32404	25.4	null	null	13113	60
2026-05-27T17:20:41.775	WT901BLE68(F3:F0:16:BF:DC:AE)	0.177	0.641	0.696	26.794	-7.874	-6.226	46.05	-12.85	-46.36	-38.653	35.707	3.180	-0.89523	-0.21820	0.21411	0.32404	25.4	null	null	13113	60
2026-05-27T17:20:41.894	WT901BLE68(F3:F0:16:BF:DC:AE)	0.257	0.757	0.641	27.344	-3.967	-10.132	48.74	-12.89	-47.55	-38.653	35.707	3.180	-0.89523	-0.21820	0.21411	0.32404	25.4	null	null	13113	60
2026-05-27T17:20:41.984	WT901BLE68(F3:F0:16:BF:DC:AE)	0.184	0.792	0.624	30.640	-9.766	-5.676	51.50	-12.82	-48.49	-38.653	35.707	3.180	-0.89523	-0.21820	0.21411	0.32404	25.4	null	null	13113	60
2026-05-27T17:20:42.104	WT901BLE68(F3:F0:16:BF:DC:AE)	0.255	0.776	0.531	35.950	0.549	-6.104	54.78	-12.57	-49.26	-38.653	35.707	3.180	-0.89523	-0.21820	0.21411	0.32404	25.4	null	null	13113	60
2026-05-27T17:20:42.195	WT901BLE68(F3:F0:16:BF:DC:AE)	0.263	0.832	0.488	35.583	6.042	-6.958	58.27	-12.19	-49.42	-41.233	39.880	-24.660	-0.89523	-0.21820	0.21411	0.32404	25.4	null	null	13113	60
2026-05-27T17:20:42.314	WT901BLE68(F3:F0:16:BF:DC:AE)	0.171	0.860	0.478	37.964	3.052	-2.563	61.70	-11.77	-48.97	-41.233	39.880	-24.660	-0.89523	-0.21820	0.21411	0.32404	25.4	null	null	13113	60
2026-05-27T17:20:42.372	WT901BLE68(F3:F0:16:BF:DC:AE)	0.205	0.948	0.404	35.767	-9.277	-10.010	65.30	-11.18	-49.31	-41.233	39.880	-24.660	-0.79135	-0.44260	0.29407	0.30212	25.4	null	null	13113	60
2026-05-27T17:20:42.496	WT901BLE68(F3:F0:16:BF:DC:AE)	0.156	0.914	0.365	25.208	-28.076	-12.939	68.62	-10.75	-50.86	-41.233	39.880	-24.660	-0.79135	-0.44260	0.29407	0.30212	25.4	null	null	13113	60
2026-05-27T17:20:42.585	WT901BLE68(F3:F0:16:BF:DC:AE)	0.219	0.904	0.339	21.851	-21.973	-12.939	71.26	-10.28	-53.10	-41.233	39.880	-24.660	-0.79135	-0.44260	0.29407	0.30212	25.4	null	null	13113	60
2026-05-27T17:20:42.706	WT901BLE68(F3:F0:16:BF:DC:AE)	0.212	0.946	0.259	25.024	1.953	-8.789	73.50	-9.60	-53.86	-41.233	39.880	-24.660	-0.79135	-0.44260	0.29407	0.30212	25.4	null	null	13113	60
2026-05-27T17:20:42.793	WT901BLE68(F3:F0:16:BF:DC:AE)	0.094	0.978	0.231	25.452	-5.005	-13.428	75.71	-8.65	-53.33	-41.233	39.880	-24.660	-0.79135	-0.44260	0.29407	0.30212	25.4	null	null	13113	60
2026-05-27T17:20:42.914	WT901BLE68(F3:F0:16:BF:DC:AE)	0.296	0.967	0.152	26.428	-24.170	-17.578	78.24	-7.23	-54.57	-41.233	39.880	-24.660	-0.79135	-0.44260	0.29407	0.30212	25.4	null	null	13113	60
2026-05-27T17:20:42.976	WT901BLE68(F3:F0:16:BF:DC:AE)	0.099	1.016	0.111	22.827	-8.240	-18.311	80.86	-5.97	-55.32	-41.233	39.880	-24.660	-0.79135	-0.44260	0.29407	0.30212	25.4	null	null	13113	60
2026-05-27T17:20:43.094	WT901BLE68(F3:F0:16:BF:DC:AE)	0.013	0.982	0.040	21.912	-12.878	-17.334	83.23	-4.42	-56.05	-51.980	33.647	-46.200	-0.79135	-0.44260	0.29407	0.30212	25.4	null	null	13113	60
2026-05-27T17:20:43.183	WT901BLE68(F3:F0:16:BF:DC:AE)	0.066	1.022	0.042	23.315	-9.094	-20.203	85.64	-2.75	-57.29	-51.980	33.647	-46.200	-0.79135	-0.44260	0.29407	0.30212	25.4	null	null	13113	60
2026-05-27T17:20:43.303	WT901BLE68(F3:F0:16:BF:DC:AE)	0.049	1.002	0.085	29.602	16.968	-21.118	88.68	-0.77	-57.27	-51.980	33.647	-46.200	-0.64737	-0.59171	0.34103	0.33820	25.4	null	null	13113	60
2026-05-27T17:20:43.394	WT901BLE68(F3:F0:16:BF:DC:AE)	0.032	1.015	0.089	27.771	14.343	-11.414	91.07	1.07	-55.37	-51.980	33.647	-46.200	-0.64737	-0.59171	0.34103	0.33820	25.4	null	null	13113	60
2026-05-27T17:20:43.512	WT901BLE68(F3:F0:16:BF:DC:AE)	-0.087	0.943	-0.056	-2.258	-22.827	-1.099	89.76	1.89	-56.10	-51.980	33.647	-46.200	-0.64737	-0.59171	0.34103	0.33820	25.4	null	null	13113	60
2026-05-27T17:20:43.607	WT901BLE68(F3:F0:16:BF:DC:AE)	-0.013	0.994	-0.083	7.019	-18.799	-3.479	89.57	2.25	-58.05	-51.980	33.647	-46.200	-0.64737	-0.59171	0.34103	0.33820	25.4	null	null	13113	60
2026-05-27T17:20:43.726	WT901BLE68(F3:F0:16:BF:DC:AE)	-0.055	1.043	0.152	23.132	17.212	-5.310	91.72	2.64	-56.83	-51.980	33.647	-46.200	-0.64737	-0.59171	0.34103	0.33820	25.4	null	null	13113	60
2026-05-27T17:20:43.784	WT901BLE68(F3:F0:16:BF:DC:AE)	-0.099	1.205	0.399	-67.017	23.071	1.587	88.87	2.71	-54.23	-51.980	33.647	-46.200	-0.64737	-0.59171	0.34103	0.33820	25.4	null	null	13113	60
2026-05-27T17:20:43.904	WT901BLE68(F3:F0:16:BF:DC:AE)	-0.258	1.049	-0.071	-48.889	11.169	7.813	78.59	1.97	-55.13	-51.980	33.647	-46.200	-0.64737	-0.59171	0.34103	0.33820	25.4	null	null	13113	60
2026-05-27T17:20:43.992	WT901BLE68(F3:F0:16:BF:DC:AE)	0.114	0.890	-0.175	-19.409	-7.141	4.639	75.90	1.06	-56.34	-60.793	32.693	-41.387	-0.64737	-0.59171	0.34103	0.33820	25.4	null	null	13113	60
2026-05-27T17:20:44.114	WT901BLE68(F3:F0:16:BF:DC:AE)	-0.015	0.833	0.180	33.691	77.209	5.127	77.18	1.70	-51.85	-60.793	32.693	-41.387	-0.64737	-0.59171	0.34103	0.33820	25.4	null	null	13113	60
2026-05-27T17:20:44.206	WT901BLE68(F3:F0:16:BF:DC:AE)	-0.186	1.087	0.222	48.218	-11.475	17.761	82.49	1.45	-48.40	-60.793	32.693	-41.387	-0.69217	-0.59052	0.25360	0.32828	25.4	null	null	13113	60
2026-05-27T17:20:44.325	WT901BLE68(F3:F0:16:BF:DC:AE)	-0.214	1.183	0.031	66.772	-47.791	-5.005	86.53	-0.26	-51.76	-60.793	32.693	-41.387	-0.69217	-0.59052	0.25360	0.32828	25.4	null	null	13113	60
2026-05-27T17:20:44.384	WT901BLE68(F3:F0:16:BF:DC:AE)	-0.025	0.836	-0.290	68.420	74.524	0.977	89.10	0.94	-47.13	-60.793	32.693	-41.387	-0.69217	-0.59052	0.25360	0.32828	25.4	null	null	13113	60
2026-05-27T17:20:44.506	WT901BLE68(F3:F0:16:BF:DC:AE)	-0.001	0.995	-0.110	31.494	31.921	0.793	92.26	0.77	-44.80	-60.793	32.693	-41.387	-0.69217	-0.59052	0.25360	0.32828	25.4	null	null	13113	60
2026-05-27T17:20:44.592	WT901BLE68(F3:F0:16:BF:DC:AE)	-0.045	1.003	-0.118	13.855	34.180	1.831	95.05	0.17	-41.48	-60.793	32.693	-41.387	-0.69217	-0.59052	0.25360	0.32828	25.4	null	null	13113	60
2026-05-27T17:20:44.713	WT901BLE68(F3:F0:16:BF:DC:AE)	0.026	0.978	-0.169	15.564	10.986	7.996	96.60	-0.48	-39.80	-60.793	32.693	-41.387	-0.69217	-0.59052	0.25360	0.32828	25.4	null	null	13113	60
2026-05-27T17:20:44.802	WT901BLE68(F3:F0:16:BF:DC:AE)	0.049	0.987	-0.170	8.667	21.667	4.333	97.79	-1.21	-38.55	-60.793	32.693	-41.387	-0.69217	-0.59052	0.25360	0.32828	25.4	null	null	13113	60
2026-05-27T17:20:44.925	WT901BLE68(F3:F0:16:BF:DC:AE)	0.039	0.991	-0.183	9.399	2.319	4.578	98.77	-1.77	-37.60	-49.427	24.760	-63.793	-0.69217	-0.59052	0.25360	0.32828	25.4	null	null	13113	60
2026-05-27T17:20:45.014	WT901BLE68(F3:F0:16:BF:DC:AE)	0.079	0.982	-0.200	4.211	11.963	2.625	99.42	-2.29	-36.97	-49.427	24.760	-63.793	-0.69217	-0.59052	0.25360	0.32828	25.4	null	null	13113	60
