time	DeviceName	AccX(g)	AccY(g)	AccZ(g)	AsX(°/s)	AsY(°/s)	AsZ(°/s)	AngleX(°)	AngleY(°)	AngleZ(°)	HX(uT)	HY(uT)	HZ(uT)	Q0()	Q1()	Q2()	Q3()	Temperature(°C)	Height(m)	Pressure(kPa)	Version()	Battery level(%)
2026-05-27T14:05:30.582	WT901BLE68(F3:F0:16:BF:DC:AE)	0.901	0.075	0.441	-0.854	1.526	2.563	7.57	-63.36	-51.04	-3.433	13.760	27.780	-0.77414	0.19440	0.49045	0.34964	25.9	null	null	13113	75
2026-05-27T14:05:30.697	WT901BLE68(F3:F0:16:BF:DC:AE)	0.932	0.026	0.437	-0.916	2.136	1.404	6.92	-63.21	-50.47	-3.433	13.760	27.780	-0.77414	0.19440	0.49045	0.34964	25.9	null	null	13113	75
2026-05-27T14:05:30.758	WT901BLE68(F3:F0:16:BF:DC:AE)	0.896	0.007	0.338	27.649	2.869	-2.075	8.67	-62.86	-50.45	-3.433	13.760	27.780	-0.77414	0.19440	0.49045	0.34964	25.9	null	null	13113	75
2026-05-27T14:05:30.878	WT901BLE68(F3:F0:16:BF:DC:AE)	0.847	0.117	0.528	20.630	-3.662	4.211	10.26	-63.16	-49.61	-3.433	13.760	27.780	-0.77414	0.19440	0.49045	0.34964	25.9	null	null	13113	75
2026-05-27T14:05:30.964	WT901BLE68(F3:F0:16:BF:DC:AE)	0.854	0.159	0.524	-7.813	-5.310	3.967	10.18	-63.48	-48.57	-2.960	26.787	20.453	-0.77414	0.19440	0.49045	0.34964	25.9	null	null	13113	75
2026-05-27T14:05:31.085	WT901BLE68(F3:F0:16:BF:DC:AE)	0.912	-0.015	0.404	-26.550	-6.958	0.122	8.11	-63.79	-48.39	-2.960	26.787	20.453	-0.77414	0.19440	0.49045	0.34964	25.9	null	null	13113	75
2026-05-27T14:05:31.175	WT901BLE68(F3:F0:16:BF:DC:AE)	0.922	0.071	0.508	-0.610	-8.728	-0.122	7.97	-64.37	-48.54	-2.960	26.787	20.453	-0.78564	0.16479	0.50687	0.31403	25.9	null	null	13113	75
2026-05-27T14:05:31.299	WT901BLE68(F3:F0:16:BF:DC:AE)	0.818	0.066	0.621	2.075	3.540	-5.737	9.50	-64.18	-49.66	-2.960	26.787	20.453	-0.78564	0.16479	0.50687	0.31403	25.9	null	null	13113	75
2026-05-27T14:05:31.387	WT901BLE68(F3:F0:16:BF:DC:AE)	0.871	0.092	0.617	4.822	13.977	-4.456	10.43	-62.58	-49.76	-2.960	26.787	20.453	-0.78564	0.16479	0.50687	0.31403	25.9	null	null	13113	75
2026-05-27T14:05:31.509	WT901BLE68(F3:F0:16:BF:DC:AE)	0.867	-0.006	0.497	4.578	15.320	-2.808	10.55	-60.72	-49.17	-2.960	26.787	20.453	-0.78564	0.16479	0.50687	0.31403	25.9	null	null	13113	75
2026-05-27T14:05:31.568	WT901BLE68(F3:F0:16:BF:DC:AE)	0.870	0.098	0.456	-13.611	5.371	-7.935	10.47	-59.57	-49.10	-2.960	26.787	20.453	-0.78564	0.16479	0.50687	0.31403	25.9	null	null	13113	75
2026-05-27T14:05:31.685	WT901BLE68(F3:F0:16:BF:DC:AE)	0.884	0.095	0.535	-5.676	8.545	-13.184	11.04	-58.93	-51.08	-2.960	26.787	20.453	-0.78564	0.16479	0.50687	0.31403	25.9	null	null	13113	75
2026-05-27T14:05:31.777	WT901BLE68(F3:F0:16:BF:DC:AE)	0.811	0.040	0.462	-2.869	8.972	-11.047	12.48	-57.94	-53.15	-2.960	26.787	20.453	-0.78564	0.16479	0.50687	0.31403	25.9	null	null	13113	75
2026-05-27T14:05:31.896	WT901BLE68(F3:F0:16:BF:DC:AE)	0.880	0.183	0.532	1.038	8.728	-9.583	13.24	-56.87	-54.82	-8.673	24.080	19.707	-0.78564	0.16479	0.50687	0.31403	25.9	null	null	13113	75
2026-05-27T14:05:31.987	WT901BLE68(F3:F0:16:BF:DC:AE)	0.872	0.160	0.563	-7.507	-3.174	-11.230	14.78	-56.33	-56.37	-8.673	24.080	19.707	-0.78564	0.16479	0.50687	0.31403	25.9	null	null	13113	75
2026-05-27T14:05:32.105	WT901BLE68(F3:F0:16:BF:DC:AE)	0.829	0.172	0.608	-4.395	-8.911	-16.052	16.38	-56.53	-58.88	-8.673	24.080	19.707	-0.79730	0.12152	0.46655	0.36301	25.9	null	null	13113	75
2026-05-27T14:05:32.169	WT901BLE68(F3:F0:16:BF:DC:AE)	0.863	0.130	0.481	-4.456	-5.005	-10.010	18.49	-56.83	-61.48	-8.673	24.080	19.707	-0.79730	0.12152	0.46655	0.36301	25.9	null	null	13113	75
2026-05-27T14:05:32.284	WT901BLE68(F3:F0:16:BF:DC:AE)	0.875	0.212	0.555	-3.052	2.808	-3.906	19.21	-56.79	-62.57	-8.673	24.080	19.707	-0.79730	0.12152	0.46655	0.36301	25.9	null	null	13113	75
2026-05-27T14:05:32.377	WT901BLE68(F3:F0:16:BF:DC:AE)	0.897	0.135	0.420	-2.197	-9.277	0.854	19.60	-57.08	-63.12	-8.673	24.080	19.707	-0.79730	0.12152	0.46655	0.36301	25.9	null	null	13113	75
2026-05-27T14:05:32.498	WT901BLE68(F3:F0:16:BF:DC:AE)	0.878	0.226	0.474	0.793	-6.775	8.118	19.54	-58.13	-62.93	-8.673	24.080	19.707	-0.79730	0.12152	0.46655	0.36301	25.9	null	null	13113	75
2026-05-27T14:05:32.584	WT901BLE68(F3:F0:16:BF:DC:AE)	0.794	0.191	0.524	2.075	1.526	1.465	19.20	-58.49	-62.14	-8.673	24.080	19.707	-0.79730	0.12152	0.46655	0.36301	25.9	null	null	13113	75
2026-05-27T14:05:32.707	WT901BLE68(F3:F0:16:BF:DC:AE)	0.827	0.180	0.584	-0.061	4.333	7.690	18.41	-58.19	-60.87	-8.673	24.080	19.707	-0.79730	0.12152	0.46655	0.36301	25.9	null	null	13113	75
2026-05-27T14:05:32.796	WT901BLE68(F3:F0:16:BF:DC:AE)	0.863	0.145	0.543	-3.601	0.854	5.798	16.88	-57.84	-59.40	-11.067	21.967	16.013	-0.79730	0.12152	0.46655	0.36301	25.9	null	null	13113	75
2026-05-27T14:05:32.919	WT901BLE68(F3:F0:16:BF:DC:AE)	0.827	0.239	0.511	-0.122	1.770	13.062	15.33	-57.80	-57.25	-11.067	21.967	16.013	-0.79730	0.12152	0.46655	0.36301	25.9	null	null	13113	75
2026-05-27T14:05:32.976	WT901BLE68(F3:F0:16:BF:DC:AE)	0.838	0.050	0.519	6.775	-3.723	12.695	14.27	-57.96	-55.10	-11.067	21.967	16.013	-0.79550	0.12683	0.47549	0.35339	25.9	null	null	13113	75
2026-05-27T14:05:33.095	WT901BLE68(F3:F0:16:BF:DC:AE)	0.884	0.111	0.578	14.526	-6.409	16.235	13.10	-58.74	-52.69	-11.067	21.967	16.013	-0.79550	0.12683	0.47549	0.35339	25.9	null	null	13113	75
2026-05-27T14:05:33.187	WT901BLE68(F3:F0:16:BF:DC:AE)	0.864	0.108	0.372	13.550	-2.686	19.592	12.11	-59.51	-49.27	-11.067	21.967	16.013	-0.79550	0.12683	0.47549	0.35339	25.9	null	null	13113	75
2026-05-27T14:05:33.305	WT901BLE68(F3:F0:16:BF:DC:AE)	0.908	0.123	0.411	8.972	-3.235	16.113	10.59	-60.24	-46.14	-11.067	21.967	16.013	-0.79550	0.12683	0.47549	0.35339	25.9	null	null	13113	75
2026-05-27T14:05:33.395	WT901BLE68(F3:F0:16:BF:DC:AE)	0.894	0.070	0.496	4.883	-3.967	15.015	9.27	-60.91	-42.90	-11.067	21.967	16.013	-0.79550	0.12683	0.47549	0.35339	25.9	null	null	13113	75
2026-05-27T14:05:33.518	WT901BLE68(F3:F0:16:BF:DC:AE)	0.847	0.003	0.441	4.028	-4.089	8.911	7.75	-61.63	-40.03	-11.067	21.967	16.013	-0.79550	0.12683	0.47549	0.35339	25.9	null	null	13113	75
2026-05-27T14:05:33.575	WT901BLE68(F3:F0:16:BF:DC:AE)	0.850	0.054	0.474	-4.028	0.122	-1.343	7.24	-61.91	-38.49	-3.540	20.120	7.633	-0.79550	0.12683	0.47549	0.35339	25.9	null	null	13113	75
2026-05-27T14:05:33.699	WT901BLE68(F3:F0:16:BF:DC:AE)	0.878	0.074	0.473	-0.977	6.836	-5.066	7.42	-61.33	-38.34	-3.540	20.120	7.633	-0.79550	0.12683	0.47549	0.35339	25.9	null	null	13113	75
2026-05-27T14:05:33.788	WT901BLE68(F3:F0:16:BF:DC:AE)	0.861	0.096	0.548	-2.136	11.658	-7.935	8.14	-60.45	-38.49	-3.540	20.120	7.633	-0.79550	0.12683	0.47549	0.35339	25.9	null	null	13113	75
2026-05-27T14:05:33.907	WT901BLE68(F3:F0:16:BF:DC:AE)	0.837	0.094	0.514	5.310	11.719	-8.179	8.93	-59.15	-38.95	-3.540	20.120	7.633	-0.82648	0.10602	0.49261	0.25082	25.9	null	null	13113	75
2026-05-27T14:05:33.996	WT901BLE68(F3:F0:16:BF:DC:AE)	0.854	0.095	0.526	-2.014	0.366	-13.428	10.34	-58.35	-40.30	-3.540	20.120	7.633	-0.82648	0.10602	0.49261	0.25082	25.9	null	null	13113	75
2026-05-27T14:05:34.116	WT901BLE68(F3:F0:16:BF:DC:AE)	0.862	0.138	0.451	9.277	-3.906	-12.085	12.85	-58.43	-42.53	-3.540	20.120	7.633	-0.82648	0.10602	0.49261	0.25082	25.9	null	null	13113	75
2026-05-27T14:05:34.210	WT901BLE68(F3:F0:16:BF:DC:AE)	0.842	0.154	0.500	2.563	-3.113	-17.700	15.92	-58.78	-44.96	-3.540	20.120	7.633	-0.82648	0.10602	0.49261	0.25082	25.9	null	null	13113	75
2026-05-27T14:05:34.357	WT901BLE68(F3:F0:16:BF:DC:AE)	0.888	0.135	0.557	-3.479	-2.380	-12.939	18.33	-58.68	-47.37	-3.540	20.120	7.633	-0.82648	0.10602	0.49261	0.25082	25.9	null	null	13113	75
2026-05-27T14:05:34.386	WT901BLE68(F3:F0:16:BF:DC:AE)	0.887	0.170	0.445	-2.625	-2.380	-5.005	19.45	-58.61	-48.23	-3.540	20.120	7.633	-0.82648	0.10602	0.49261	0.25082	25.9	null	null	13113	75
2026-05-27T14:05:34.542	WT901BLE68(F3:F0:16:BF:DC:AE)	0.838	0.206	0.458	0.244	-0.427	-2.380	20.09	-58.63	-48.39	-3.540	20.120	7.633	-0.82648	0.10602	0.49261	0.25082	25.9	null	null	13113	75
2026-05-27T14:05:34.594	WT901BLE68(F3:F0:16:BF:DC:AE)	0.842	0.188	0.568	-4.700	0.488	-2.686	19.96	-58.83	-48.00	-9.427	23.067	3.380	-0.82648	0.10602	0.49261	0.25082	25.9	null	null	13113	75
2026-05-27T14:05:34.719	WT901BLE68(F3:F0:16:BF:DC:AE)	0.882	0.157	0.523	3.845	3.418	3.479	19.73	-58.85	-46.80	-9.427	23.067	3.380	-0.82648	0.10602	0.49261	0.25082	25.9	null	null	13113	75
2026-05-27T14:05:34.807	WT901BLE68(F3:F0:16:BF:DC:AE)	0.852	0.188	0.504	3.418	-1.404	7.874	19.09	-59.11	-44.95	-9.427	23.067	3.380	-0.82227	0.05484	0.50333	0.25967	25.9	null	null	13113	75
2026-05-27T14:05:34.928	WT901BLE68(F3:F0:16:BF:DC:AE)	0.892	0.143	0.512	-5.127	1.404	12.390	17.76	-59.20	-42.68	-9.427	23.067	3.380	-0.82227	0.05484	0.50333	0.25967	25.9	null	null	13113	75
2026-05-27T14:05:34.988	WT901BLE68(F3:F0:16:BF:DC:AE)	0.858	0.168	0.539	1.648	4.028	16.357	15.23	-59.18	-38.86	-9.427	23.067	3.380	-0.82227	0.05484	0.50333	0.25967	25.9	null	null	13113	75
2026-05-27T14:05:35.110	WT901BLE68(F3:F0:16:BF:DC:AE)	0.894	0.091	0.509	3.967	-10.315	16.663	13.45	-59.96	-35.52	-9.427	23.067	3.380	-0.82227	0.05484	0.50333	0.25967	25.9	null	null	13113	75
2026-05-27T14:05:35.198	WT901BLE68(F3:F0:16:BF:DC:AE)	0.872	0.082	0.334	0.916	-9.033	13.306	11.23	-61.55	-32.55	-9.427	23.067	3.380	-0.82227	0.05484	0.50333	0.25967	25.9	null	null	13113	75
2026-05-27T14:05:35.317	WT901BLE68(F3:F0:16:BF:DC:AE)	0.918	0.118	0.488	9.521	-2.808	9.399	10.28	-62.48	-29.48	-9.427	23.067	3.380	-0.82227	0.05484	0.50333	0.25967	25.9	null	null	13113	75
2026-05-27T14:05:35.408	WT901BLE68(F3:F0:16:BF:DC:AE)	0.917	0.057	0.410	-5.859	-11.230	8.911	9.02	-63.40	-26.87	-9.427	23.067	3.380	-0.82227	0.05484	0.50333	0.25967	25.9	null	null	13113	75
2026-05-27T14:05:35.526	WT901BLE68(F3:F0:16:BF:DC:AE)	0.907	0.034	0.433	2.563	-8.850	3.845	7.89	-64.59	-24.97	-2.867	19.740	-0.520	-0.82227	0.05484	0.50333	0.25967	25.9	null	null	13113	75
2026-05-27T14:05:35.617	WT901BLE68(F3:F0:16:BF:DC:AE)	0.931	0.040	0.466	6.409	-2.441	2.747	7.82	-65.25	-23.31	-2.867	19.740	-0.520	-0.82227	0.05484	0.50333	0.25967	25.9	null	null	13113	75
2026-05-27T14:05:35.736	WT901BLE68(F3:F0:16:BF:DC:AE)	0.901	0.073	0.445	4.883	1.770	3.296	7.62	-65.25	-21.38	-2.867	19.740	-0.520	-0.83087	0.04929	0.53909	0.12845	25.9	null	null	13113	75
2026-05-27T14:05:35.795	WT901BLE68(F3:F0:16:BF:DC:AE)	0.893	0.045	0.470	-1.587	2.075	-0.183	7.45	-64.93	-19.81	-2.867	19.740	-0.520	-0.83087	0.04929	0.53909	0.12845	25.9	null	null	13113	75
2026-05-27T14:05:35.918	WT901BLE68(F3:F0:16:BF:DC:AE)	0.857	0.033	0.434	-1.892	3.662	-1.709	6.94	-64.48	-18.72	-2.867	19.740	-0.520	-0.83087	0.04929	0.53909	0.12845	25.9	null	null	13113	75
2026-05-27T14:05:36.008	WT901BLE68(F3:F0:16:BF:DC:AE)	0.894	0.039	0.434	0.793	5.676	-4.578	7.14	-63.93	-17.96	-2.867	19.740	-0.520	-0.83087	0.04929	0.53909	0.12845	25.9	null	null	13113	75
2026-05-27T14:05:36.127	WT901BLE68(F3:F0:16:BF:DC:AE)	0.877	0.045	0.480	11.841	12.024	-3.967	8.21	-62.95	-17.47	-2.867	19.740	-0.520	-0.83087	0.04929	0.53909	0.12845	25.9	null	null	13113	75
2026-05-27T14:05:36.218	WT901BLE68(F3:F0:16:BF:DC:AE)	0.837	0.027	0.470	8.728	12.695	-8.911	9.73	-61.57	-17.72	-2.867	19.740	-0.520	-0.83087	0.04929	0.53909	0.12845	25.9	null	null	13113	75
2026-05-27T14:05:36.337	WT901BLE68(F3:F0:16:BF:DC:AE)	0.840	0.034	0.514	4.700	16.052	-11.658	11.51	-59.78	-18.44	-2.867	19.740	-0.520	-0.83087	0.04929	0.53909	0.12845	25.9	null	null	13113	75
2026-05-27T14:05:36.395	WT901BLE68(F3:F0:16:BF:DC:AE)	0.816	0.121	0.479	5.371	13.306	-8.911	12.89	-57.82	-19.06	-4.480	21.473	-3.620	-0.83087	0.04929	0.53909	0.12845	25.9	null	null	13113	75
2026-05-27T14:05:36.516	WT901BLE68(F3:F0:16:BF:DC:AE)	0.868	0.232	0.505	1.160	2.197	-10.010	14.26	-56.76	-20.08	-4.480	21.473	-3.620	-0.83087	0.04929	0.53909	0.12845	25.9	null	null	13113	75
2026-05-27T14:05:36.606	WT901BLE68(F3:F0:16:BF:DC:AE)	0.814	0.177	0.490	-1.648	-6.165	-11.841	15.94	-56.73	-21.89	-4.480	21.473	-3.620	-0.86975	-0.02756	0.48322	0.09586	25.9	null	null	13113	75
2026-05-27T14:05:36.729	WT901BLE68(F3:F0:16:BF:DC:AE)	0.887	0.163	0.543	-12.207	-15.442	-14.954	17.69	-57.38	-24.82	-4.480	21.473	-3.620	-0.86975	-0.02756	0.48322	0.09586	25.9	null	null	13113	75
2026-05-27T14:05:36.819	WT901BLE68(F3:F0:16:BF:DC:AE)	0.837	0.195	0.484	-13.367	-7.935	-14.465	19.23	-57.88	-27.24	-4.480	21.473	-3.620	-0.86975	-0.02756	0.48322	0.09586	25.9	null	null	13113	75
2026-05-27T14:05:36.938	WT901BLE68(F3:F0:16:BF:DC:AE)	0.879	0.204	0.569	-9.827	0.183	-10.193	20.00	-57.74	-28.81	-4.480	21.473	-3.620	-0.86975	-0.02756	0.48322	0.09586	25.9	null	null	13113	75
2026-05-27T14:05:37.028	WT901BLE68(F3:F0:16:BF:DC:AE)	0.867	0.153	0.477	-2.502	-4.578	-0.366	20.20	-57.83	-29.15	-4.480	21.473	-3.620	-0.86975	-0.02756	0.48322	0.09586	25.9	null	null	13113	75
2026-05-27T14:05:37.150	WT901BLE68(F3:F0:16:BF:DC:AE)	0.774	0.159	0.402	-3.540	-5.005	2.808	20.01	-58.45	-28.10	-4.480	21.473	-3.620	-0.86975	-0.02756	0.48322	0.09586	25.9	null	null	13113	75
2026-05-27T14:05:37.205	WT901BLE68(F3:F0:16:BF:DC:AE)	0.875	0.132	0.538	5.310	4.395	4.272	19.28	-58.69	-26.90	-5.453	22.613	-4.767	-0.86975	-0.02756	0.48322	0.09586	25.9	null	null	13113	75
2026-05-27T14:05:37.329	WT901BLE68(F3:F0:16:BF:DC:AE)	0.837	0.139	0.483	-1.648	2.014	7.141	18.19	-58.78	-24.89	-5.453	22.613	-4.767	-0.86975	-0.02756	0.48322	0.09586	25.9	null	null	13113	75
2026-05-27T14:05:37.415	WT901BLE68(F3:F0:16:BF:DC:AE)	0.840	0.164	0.498	-0.610	7.690	4.028	16.95	-58.41	-22.85	-5.453	22.613	-4.767	-0.86975	-0.02756	0.48322	0.09586	25.9	null	null	13113	75
2026-05-27T14:05:37.534	WT901BLE68(F3:F0:16:BF:DC:AE)	0.849	0.144	0.551	3.296	8.789	10.498	15.87	-57.69	-20.40	-5.453	22.613	-4.767	-0.86166	-0.03149	0.49689	0.09790	25.9	null	null	13113	75
2026-05-27T14:05:37.628	WT901BLE68(F3:F0:16:BF:DC:AE)	0.921	0.099	0.552	-19.470	-14.771	14.832	13.07	-58.22	-17.51	-5.453	22.613	-4.767	-0.86166	-0.03149	0.49689	0.09790	25.9	null	null	13113	75
2026-05-27T14:05:37.749	WT901BLE68(F3:F0:16:BF:DC:AE)	0.819	0.125	0.443	-25.085	-24.231	10.559	9.75	-60.49	-15.36	-5.453	22.613	-4.767	-0.86166	-0.03149	0.49689	0.09790	25.9	null	null	13113	75
2026-05-27T14:05:37.806	WT901BLE68(F3:F0:16:BF:DC:AE)	0.927	0.032	0.333	19.165	-1.587	6.958	6.99	-62.24	-12.89	-5.453	22.613	-4.767	-0.86166	-0.03149	0.49689	0.09790	25.9	null	null	13113	75
2026-05-27T14:05:37.960	WT901BLE68(F3:F0:16:BF:DC:AE)	0.927	0.037	0.560	12.268	-5.676	9.888	8.59	-62.53	-10.24	-5.453	22.613	-4.767	-0.86166	-0.03149	0.49689	0.09790	25.9	null	null	13113	75
2026-05-27T14:05:38.045	WT901BLE68(F3:F0:16:BF:DC:AE)	0.861	0.027	0.383	-11.780	-5.798	-0.061	7.21	-63.29	-7.85	-5.453	22.613	-4.767	-0.86166	-0.03149	0.49689	0.09790	25.9	null	null	13113	75
2026-05-27T14:05:38.137	WT901BLE68(F3:F0:16:BF:DC:AE)	0.875	0.022	0.477	3.845	2.380	-4.089	7.32	-63.55	-6.82	1.287	18.160	-7.460	-0.86166	-0.03149	0.49689	0.09790	25.9	null	null	13113	75
2026-05-27T14:05:38.227	WT901BLE68(F3:F0:16:BF:DC:AE)	0.874	0.034	0.500	4.517	14.160	-11.292	8.12	-62.83	-6.49	1.287	18.160	-7.460	-0.86166	-0.03149	0.49689	0.09790	25.9	null	null	13113	75
2026-05-27T14:05:38.350	WT901BLE68(F3:F0:16:BF:DC:AE)	0.872	0.104	0.492	4.639	16.968	-15.442	10.47	-61.17	-7.31	1.287	18.160	-7.460	-0.86166	-0.03149	0.49689	0.09790	25.9	null	null	13113	75
2026-05-27T14:05:38.405	WT901BLE68(F3:F0:16:BF:DC:AE)	0.819	0.158	0.482	4.761	15.808	-20.752	13.38	-59.01	-9.23	1.287	18.160	-7.460	-0.86206	-0.05310	0.50378	0.01044	25.9	null	null	13113	75
2026-05-27T14:05:38.558	WT901BLE68(F3:F0:16:BF:DC:AE)	0.871	0.225	0.473	0.427	2.441	-23.499	16.33	-57.58	-11.89	1.287	18.160	-7.460	-0.86206	-0.05310	0.50378	0.01044	25.9	null	null	13113	75
2026-05-27T14:05:38.618	WT901BLE68(F3:F0:16:BF:DC:AE)	0.852	0.151	0.333	-12.024	-6.958	-18.127	18.71	-57.56	-15.02	1.287	18.160	-7.460	-0.86206	-0.05310	0.50378	0.01044	25.9	null	null	13113	75
2026-05-27T14:05:38.738	WT901BLE68(F3:F0:16:BF:DC:AE)	0.859	0.191	0.493	-1.526	6.104	-14.160	20.54	-56.88	-17.47	1.287	18.160	-7.460	-0.86206	-0.05310	0.50378	0.01044	25.9	null	null	13113	75
2026-05-27T14:05:38.829	WT901BLE68(F3:F0:16:BF:DC:AE)	0.911	0.199	0.492	-0.305	-7.568	0.854	21.45	-56.81	-17.88	1.287	18.160	-7.460	-0.86206	-0.05310	0.50378	0.01044	25.9	null	null	13113	75
2026-05-27T14:05:38.951	WT901BLE68(F3:F0:16:BF:DC:AE)	0.762	0.162	0.365	0.671	-7.263	-2.197	22.25	-57.71	-18.31	1.287	18.160	-7.460	-0.86206	-0.05310	0.50378	0.01044	25.9	null	null	13113	75
2026-05-27T14:05:39.035	WT901BLE68(F3:F0:16:BF:DC:AE)	0.829	0.268	0.557	11.230	7.507	1.343	23.05	-57.82	-18.04	1.287	18.160	-7.460	-0.86206	-0.05310	0.50378	0.01044	25.9	null	null	13113	75
2026-05-27T14:05:39.159	WT901BLE68(F3:F0:16:BF:DC:AE)	0.804	0.234	0.619	-1.526	5.127	5.432	22.75	-57.23	-16.36	-3.833	22.607	-7.413	-0.86206	-0.05310	0.50378	0.01044	25.9	null	null	13113	75
2026-05-27T14:05:39.219	WT901BLE68(F3:F0:16:BF:DC:AE)	0.786	0.231	0.417	-2.441	5.371	5.249	21.29	-56.73	-14.54	-3.833	22.607	-7.413	-0.86835	-0.10245	0.48459	0.02338	25.9	null	null	13113	75
2026-05-27T14:05:39.338	WT901BLE68(F3:F0:16:BF:DC:AE)	0.854	0.222	0.625	-0.793	9.399	9.338	20.20	-55.95	-12.65	-3.833	22.607	-7.413	-0.86835	-0.10245	0.48459	0.02338	25.9	null	null	13113	75
2026-05-27T14:05:39.427	WT901BLE68(F3:F0:16:BF:DC:AE)	0.843	0.141	0.507	-8.240	-9.827	9.705	18.89	-56.23	-10.85	-3.833	22.607	-7.413	-0.86835	-0.10245	0.48459	0.02338	25.9	null	null	13113	75
2026-05-27T14:05:39.551	WT901BLE68(F3:F0:16:BF:DC:AE)	0.820	0.213	0.462	-1.770	-10.315	10.925	17.66	-57.47	-9.35	-3.833	22.607	-7.413	-0.86835	-0.10245	0.48459	0.02338	25.9	null	null	13113	75
2026-05-27T14:05:39.637	WT901BLE68(F3:F0:16:BF:DC:AE)	0.902	0.081	0.533	17.151	1.648	8.240	17.47	-58.22	-7.61	-3.833	22.607	-7.413	-0.86835	-0.10245	0.48459	0.02338	25.9	null	null	13113	75
2026-05-27T14:05:39.757	WT901BLE68(F3:F0:16:BF:DC:AE)	0.875	0.109	0.491	6.287	-5.737	10.803	17.34	-58.73	-5.25	-3.833	22.607	-7.413	-0.86835	-0.10245	0.48459	0.02338	25.9	null	null	13113	75
2026-05-27T14:05:39.850	WT901BLE68(F3:F0:16:BF:DC:AE)	0.814	0.103	0.521	-15.747	-9.155	11.597	15.49	-59.85	-2.71	-3.833	22.607	-7.413	-0.86835	-0.10245	0.48459	0.02338	25.9	null	null	13113	75
2026-05-27T14:05:39.968	WT901BLE68(F3:F0:16:BF:DC:AE)	0.875	0.048	0.424	-20.569	-3.357	2.563	12.49	-60.58	-0.36	-3.833	22.607	-7.413	-0.86835	-0.10245	0.48459	0.02338	25.9	null	null	13113	75
2026-05-27T14:05:40.025	WT901BLE68(F3:F0:16:BF:DC:AE)	0.825	0.067	0.598	0.305	6.836	-1.648	11.36	-60.34	0.99	1.527	17.973	-9.253	-0.86835	-0.10245	0.48459	0.02338	25.9	null	null	13113	75
2026-05-27T14:05:40.180	WT901BLE68(F3:F0:16:BF:DC:AE)	0.865	-0.040	0.577	-18.982	13.184	-9.705	10.52	-59.35	0.73	1.527	17.973	-9.253	-0.86835	-0.10245	0.48459	0.02338	25.9	null	null	13113	75
2026-05-27T14:05:40.235	WT901BLE68(F3:F0:16:BF:DC:AE)	0.832	0.130	0.524	-10.742	17.944	-15.869	10.72	-57.41	-0.57	1.527	17.973	-9.253	-0.86755	-0.08167	0.48810	-0.04831	25.9	null	null	13113	75
2026-05-27T14:05:40.359	WT901BLE68(F3:F0:16:BF:DC:AE)	0.868	0.236	0.592	-14.648	-1.221	-5.249	10.90	-56.29	-2.28	1.527	17.973	-9.253	-0.86755	-0.08167	0.48810	-0.04831	25.9	null	null	13113	75
2026-05-27T14:05:40.450	WT901BLE68(F3:F0:16:BF:DC:AE)	0.832	0.202	0.395	-25.696	-6.104	-9.033	9.81	-57.23	-3.59	1.527	17.973	-9.253	-0.86755	-0.08167	0.48810	-0.04831	25.9	null	null	13113	75
2026-05-27T14:05:40.566	WT901BLE68(F3:F0:16:BF:DC:AE)	0.872	0.068	0.524	-13.977	4.639	-7.629	10.04	-57.10	-5.48	1.527	17.973	-9.253	-0.86755	-0.08167	0.48810	-0.04831	25.9	null	null	13113	75
2026-05-27T14:05:40.654	WT901BLE68(F3:F0:16:BF:DC:AE)	0.811	0.195	0.523	-26.123	-1.831	-3.662	8.53	-56.93	-6.38	1.527	17.973	-9.253	-0.86755	-0.08167	0.48810	-0.04831	25.9	null	null	13113	75
2026-05-27T14:05:40.750	WT901BLE68(F3:F0:16:BF:DC:AE)	0.823	0.064	0.551	-35.889	1.038	-7.202	6.49	-57.13	-7.39	1.527	17.973	-9.253	-0.86755	-0.08167	0.48810	-0.04831	25.9	null	null	13113	75
2026-05-27T14:05:40.838	WT901BLE68(F3:F0:16:BF:DC:AE)	0.799	0.127	0.573	-25.513	3.723	-3.723	4.83	-56.67	-8.42	1.527	17.973	-9.253	-0.86755	-0.08167	0.48810	-0.04831	25.9	null	null	13113	75
2026-05-27T14:05:40.955	WT901BLE68(F3:F0:16:BF:DC:AE)	0.760	0.112	0.571	-29.236	2.991	-5.005	2.78	-56.21	-9.31	-0.860	13.120	0.480	-0.86755	-0.08167	0.48810	-0.04831	25.9	null	null	13113	75
2026-05-27T14:05:41.050	WT901BLE68(F3:F0:16:BF:DC:AE)	0.812	-0.008	0.565	-23.987	2.563	-1.343	0.59	-55.82	-10.68	-0.860	13.120	0.480	-0.86755	-0.08167	0.48810	-0.04831	25.9	null	null	13113	75
2026-05-27T14:05:41.165	WT901BLE68(F3:F0:16:BF:DC:AE)	0.913	0.086	0.607	-13.245	-1.831	-2.869	-0.97	-55.74	-11.56	-0.860	13.120	0.480	-0.87991	0.04388	0.46555	0.08356	25.9	null	null	13113	75
2026-05-27T14:05:41.292	WT901BLE68(F3:F0:16:BF:DC:AE)	0.856	0.019	0.519	-0.793	-20.142	-10.315	0.33	-57.02	-13.84	-0.860	13.120	0.480	-0.87991	0.04388	0.46555	0.08356	25.9	null	null	13113	75
2026-05-27T14:05:41.378	WT901BLE68(F3:F0:16:BF:DC:AE)	0.923	0.057	0.417	-10.437	-13.245	-8.545	1.49	-58.61	-16.04	-0.860	13.120	0.480	-0.87991	0.04388	0.46555	0.08356	25.9	null	null	13113	75
2026-05-27T14:05:41.438	WT901BLE68(F3:F0:16:BF:DC:AE)	0.906	0.090	0.556	-27.771	-10.437	-5.066	0.09	-59.75	-17.42	-0.860	13.120	0.480	-0.87991	0.04388	0.46555	0.08356	25.9	null	null	13113	75
2026-05-27T14:05:41.555	WT901BLE68(F3:F0:16:BF:DC:AE)	0.830	-0.023	0.412	-46.143	-15.259	-4.272	-3.12	-61.05	-18.34	-0.860	13.120	0.480	-0.87991	0.04388	0.46555	0.08356	25.9	null	null	13113	75
2026-05-27T14:05:41.648	WT901BLE68(F3:F0:16:BF:DC:AE)	0.881	-0.037	0.443	-30.945	-2.136	-11.719	-5.58	-61.92	-20.53	-0.860	13.120	0.480	-0.87991	0.04388	0.46555	0.08356	25.9	null	null	13113	75
2026-05-27T14:05:41.768	WT901BLE68(F3:F0:16:BF:DC:AE)	0.915	-0.010	0.480	-34.607	3.723	-21.240	-5.07	-61.79	-25.11	-0.860	13.120	0.480	-0.87991	0.04388	0.46555	0.08356	25.9	null	null	13113	75
2026-05-27T14:05:41.857	WT901BLE68(F3:F0:16:BF:DC:AE)	0.888	-0.050	0.535	-28.564	14.160	-26.672	-2.82	-60.86	-31.81	1.920	3.847	6.973	-0.87991	0.04388	0.46555	0.08356	25.9	null	null	13113	75
2026-05-27T14:05:41.978	WT901BLE68(F3:F0:16:BF:DC:AE)	0.912	0.113	0.650	-32.532	24.048	-43.030	0.62	-58.92	-40.55	1.920	3.847	6.973	-0.87991	0.04388	0.46555	0.08356	25.9	null	null	13113	75
2026-05-27T14:05:42.064	WT901BLE68(F3:F0:16:BF:DC:AE)	0.875	0.157	0.583	-50.720	8.911	-47.302	4.04	-57.00	-51.04	1.920	3.847	6.973	-0.80966	0.17001	0.45203	0.33328	25.9	null	null	13113	75
2026-05-27T14:05:42.153	WT901BLE68(F3:F0:16:BF:DC:AE)	0.818	0.184	0.368	-58.289	-3.296	-40.222	5.34	-56.74	-60.73	1.920	3.847	6.973	-0.80966	0.17001	0.45203	0.33328	25.9	null	null	13113	75
2026-05-27T14:05:42.248	WT901BLE68(F3:F0:16:BF:DC:AE)	0.956	0.301	0.546	-56.274	2.380	-40.039	6.17	-56.59	-69.63	1.920	3.847	6.973	-0.80966	0.17001	0.45203	0.33328	25.9	null	null	13113	75
2026-05-27T14:05:42.368	WT901BLE68(F3:F0:16:BF:DC:AE)	0.914	0.178	0.555	-51.575	4.578	-31.921	6.79	-55.94	-77.96	1.920	3.847	6.973	-0.80966	0.17001	0.45203	0.33328	25.9	null	null	13113	75
2026-05-27T14:05:42.487	WT901BLE68(F3:F0:16:BF:DC:AE)	0.820	0.099	0.448	-49.622	-8.667	-27.405	6.38	-56.29	-84.78	1.920	3.847	6.973	-0.80966	0.17001	0.45203	0.33328	25.9	null	null	13113	75
2026-05-27T14:05:42.579	WT901BLE68(F3:F0:16:BF:DC:AE)	0.857	0.123	0.480	-51.331	-4.517	-26.855	5.58	-56.93	-91.80	1.920	3.847	6.973	-0.80966	0.17001	0.45203	0.33328	25.9	null	null	13113	75
2026-05-27T14:05:42.668	WT901BLE68(F3:F0:16:BF:DC:AE)	0.823	0.042	0.548	-42.664	-0.854	-15.381	4.43	-57.15	-97.54	-5.053	-8.847	17.127	-0.80966	0.17001	0.45203	0.33328	25.9	null	null	13113	75
2026-05-27T14:05:42.786	WT901BLE68(F3:F0:16:BF:DC:AE)	0.865	0.089	0.575	-42.542	4.150	-14.832	2.38	-56.91	-101.95	-5.053	-8.847	17.127	-0.80966	0.17001	0.45203	0.33328	25.9	null	null	13113	75
2026-05-27T14:05:42.845	WT901BLE68(F3:F0:16:BF:DC:AE)	0.899	0.131	0.473	-28.137	-2.380	-16.785	1.27	-56.88	-106.05	-5.053	-8.847	17.127	-0.53589	0.37302	0.29575	0.69720	25.9	null	null	13113	75
2026-05-27T14:05:42.970	WT901BLE68(F3:F0:16:BF:DC:AE)	0.841	-0.006	0.466	-40.344	-19.104	-12.268	1.07	-58.23	-110.81	-5.053	-8.847	17.127	-0.53589	0.37302	0.29575	0.69720	25.9	null	null	13113	75
2026-05-27T14:05:43.086	WT901BLE68(F3:F0:16:BF:DC:AE)	0.884	0.038	0.453	-36.804	-12.634	-15.320	-0.39	-59.82	-115.36	-5.053	-8.847	17.127	-0.53589	0.37302	0.29575	0.69720	25.9	null	null	13113	75
2026-05-27T14:05:43.178	WT901BLE68(F3:F0:16:BF:DC:AE)	0.893	-0.006	0.501	-49.255	-13.123	-14.404	-1.91	-61.26	-119.52	-5.053	-8.847	17.127	-0.53589	0.37302	0.29575	0.69720	25.9	null	null	13113	75
2026-05-27T14:05:43.263	WT901BLE68(F3:F0:16:BF:DC:AE)	0.884	-0.052	0.419	-50.049	-10.925	-15.076	-4.29	-62.48	-124.19	-5.053	-8.847	17.127	-0.53589	0.37302	0.29575	0.69720	25.9	null	null	13113	75
2026-05-27T14:05:43.390	WT901BLE68(F3:F0:16:BF:DC:AE)	0.893	0.017	0.488	-41.382	-2.686	-17.273	-5.65	-63.18	-128.91	-5.053	-8.847	17.127	-0.53589	0.37302	0.29575	0.69720	25.9	null	null	13113	75
2026-05-27T14:05:43.448	WT901BLE68(F3:F0:16:BF:DC:AE)	0.878	-0.006	0.479	-29.236	6.958	-21.912	-5.66	-63.30	-134.41	-5.053	-8.847	17.127	-0.53589	0.37302	0.29575	0.69720	25.9	null	null	13113	75
2026-05-27T14:05:43.567	WT901BLE68(F3:F0:16:BF:DC:AE)	0.894	-0.005	0.394	-30.212	7.324	-23.071	-4.24	-62.72	-140.54	-5.053	-8.847	17.127	-0.53589	0.37302	0.29575	0.69720	25.9	null	null	13113	75
2026-05-27T14:05:43.655	WT901BLE68(F3:F0:16:BF:DC:AE)	0.865	-0.224	0.289	-15.930	10.376	-25.879	-1.63	-62.02	-147.47	-0.467	-24.800	9.400	-0.53589	0.37302	0.29575	0.69720	25.9	null	null	13113	75
2026-05-27T14:05:43.781	WT901BLE68(F3:F0:16:BF:DC:AE)	0.852	0.058	0.384	-33.630	9.949	-47.913	2.06	-61.17	-155.45	-0.467	-24.800	9.400	-0.53589	0.37302	0.29575	0.69720	25.9	null	null	13113	75
2026-05-27T14:05:43.866	WT901BLE68(F3:F0:16:BF:DC:AE)	0.913	0.140	0.611	-20.874	6.348	-41.748	6.97	-60.43	-164.29	-0.467	-24.800	9.400	-0.17181	0.49237	0.12057	0.84464	25.9	null	null	13113	75
2026-05-27T14:05:43.986	WT901BLE68(F3:F0:16:BF:DC:AE)	0.882	0.176	0.579	-36.255	-1.526	-41.382	10.50	-59.97	-172.11	-0.467	-24.800	9.400	-0.17181	0.49237	0.12057	0.84464	25.9	null	null	13113	75
2026-05-27T14:05:44.077	WT901BLE68(F3:F0:16:BF:DC:AE)	0.857	0.113	0.459	-37.659	1.282	-39.185	13.30	-59.18	-179.94	-0.467	-24.800	9.400	-0.17181	0.49237	0.12057	0.84464	25.9	null	null	13113	75
2026-05-27T14:05:44.197	WT901BLE68(F3:F0:16:BF:DC:AE)	0.874	0.165	0.464	-41.809	6.226	-29.602	14.71	-58.10	174.11	-0.467	-24.800	9.400	-0.17181	0.49237	0.12057	0.84464	25.9	null	null	13113	75
2026-05-27T14:05:44.257	WT901BLE68(F3:F0:16:BF:DC:AE)	0.855	0.171	0.418	-24.353	10.193	-20.142	15.17	-56.69	170.16	-0.467	-24.800	9.400	-0.17181	0.49237	0.12057	0.84464	25.9	null	null	13113	75
2026-05-27T14:05:44.379	WT901BLE68(F3:F0:16:BF:DC:AE)	0.863	0.250	0.449	-32.593	3.601	-20.142	14.97	-55.74	167.45	-0.467	-24.800	9.400	-0.17181	0.49237	0.12057	0.84464	25.9	null	null	13113	75
2026-05-27T14:05:44.465	WT901BLE68(F3:F0:16:BF:DC:AE)	0.902	0.210	0.510	-17.395	-1.831	-7.996	14.51	-55.67	165.76	-0.467	-24.800	9.400	-0.17181	0.49237	0.12057	0.84464	25.9	null	null	13113	75
2026-05-27T14:05:44.589	WT901BLE68(F3:F0:16:BF:DC:AE)	0.866	0.153	0.496	-9.460	-2.991	-7.019	14.74	-55.87	164.62	0.393	-22.573	6.540	-0.17181	0.49237	0.12057	0.84464	25.9	null	null	13113	75
2026-05-27T14:05:44.679	WT901BLE68(F3:F0:16:BF:DC:AE)	0.826	0.159	0.525	-13.489	-1.404	-6.104	15.29	-55.93	163.77	0.393	-22.573	6.540	0.06067	0.47653	0.05127	0.87549	25.9	null	null	13113	75
2026-05-27T14:05:44.800	WT901BLE68(F3:F0:16:BF:DC:AE)	0.823	0.142	0.533	-13.184	2.380	-5.005	14.96	-55.78	163.52	0.393	-22.573	6.540	0.06067	0.47653	0.05127	0.87549	25.9	null	null	13113	75
2026-05-27T14:05:44.855	WT901BLE68(F3:F0:16:BF:DC:AE)	0.816	0.144	0.591	-3.845	4.761	-4.150	15.05	-55.21	163.67	0.393	-22.573	6.540	0.06067	0.47653	0.05127	0.87549	25.9	null	null	13113	75
2026-05-27T14:05:44.979	WT901BLE68(F3:F0:16:BF:DC:AE)	0.820	0.137	0.598	-1.648	4.395	0.000	14.84	-54.81	164.47	0.393	-22.573	6.540	0.06067	0.47653	0.05127	0.87549	25.9	null	null	13113	75
2026-05-27T14:05:45.065	WT901BLE68(F3:F0:16:BF:DC:AE)	0.787	0.150	0.549	-5.249	5.188	-2.747	14.61	-54.28	165.47	0.393	-22.573	6.540	0.06067	0.47653	0.05127	0.87549	25.9	null	null	13113	75
2026-05-27T14:05:45.190	WT901BLE68(F3:F0:16:BF:DC:AE)	0.803	0.166	0.605	2.808	2.991	1.526	14.21	-54.01	166.23	0.393	-22.573	6.540	0.06067	0.47653	0.05127	0.87549	25.9	null	null	13113	75
2026-05-27T14:05:45.277	WT901BLE68(F3:F0:16:BF:DC:AE)	0.787	0.134	0.655	-7.385	-1.099	3.296	14.06	-53.74	167.71	0.393	-22.573	6.540	0.06067	0.47653	0.05127	0.87549	25.9	null	null	13113	75
2026-05-27T14:05:45.399	WT901BLE68(F3:F0:16:BF:DC:AE)	0.777	0.094	0.613	-10.986	-2.258	2.686	12.51	-53.72	168.85	0.393	-22.573	6.540	0.06067	0.47653	0.05127	0.87549	25.9	null	null	13113	75
2026-05-27T14:05:45.455	WT901BLE68(F3:F0:16:BF:DC:AE)	0.779	0.172	0.669	-37.170	-12.390	-2.502	11.16	-54.38	169.50	-1.140	-24.647	5.393	0.06067	0.47653	0.05127	0.87549	25.9	null	null	13113	75
2026-05-27T14:05:45.576	WT901BLE68(F3:F0:16:BF:DC:AE)	0.861	0.090	0.587	-8.850	-13.367	2.991	9.12	-55.55	169.63	-1.140	-24.647	5.393	0.04376	0.46616	0.02975	0.88306	25.9	null	null	13113	75
2026-05-27T14:05:45.699	WT901BLE68(F3:F0:16:BF:DC:AE)	0.823	0.143	0.525	-18.311	-16.663	0.671	7.41	-57.08	170.02	-1.140	-24.647	5.393	0.04376	0.46616	0.02975	0.88306	25.9	null	null	13113	75
2026-05-27T14:05:45.786	WT901BLE68(F3:F0:16:BF:DC:AE)	0.866	0.058	0.506	-16.174	-8.301	-1.526	5.93	-58.62	170.01	-1.140	-24.647	5.393	0.04376	0.46616	0.02975	0.88306	25.9	null	null	13113	75
2026-05-27T14:05:45.879	WT901BLE68(F3:F0:16:BF:DC:AE)	0.870	0.042	0.457	-12.146	-6.226	-1.587	4.84	-59.55	169.63	-1.140	-24.647	5.393	0.04376	0.46616	0.02975	0.88306	25.9	null	null	13113	75
2026-05-27T14:05:45.996	WT901BLE68(F3:F0:16:BF:DC:AE)	0.887	0.004	0.475	-10.620	-3.418	-2.075	4.10	-60.07	169.17	-1.140	-24.647	5.393	0.04376	0.46616	0.02975	0.88306	25.9	null	null	13113	75
2026-05-27T14:05:46.091	WT901BLE68(F3:F0:16:BF:DC:AE)	0.856	0.013	0.515	-30.579	-4.150	-7.080	3.11	-60.47	168.53	-1.140	-24.647	5.393	0.04376	0.46616	0.02975	0.88306	25.9	null	null	13113	75
2026-05-27T14:05:46.208	WT901BLE68(F3:F0:16:BF:DC:AE)	0.842	-0.016	0.477	-16.968	2.075	-7.568	2.03	-60.57	167.18	-1.140	-24.647	5.393	0.04376	0.46616	0.02975	0.88306	25.9	null	null	13113	75
2026-05-27T14:05:46.265	WT901BLE68(F3:F0:16:BF:DC:AE)	0.882	-0.033	0.544	-19.836	7.996	-6.592	1.47	-60.06	166.33	1.927	-31.240	-3.000	0.04376	0.46616	0.02975	0.88306	25.9	null	null	13113	75
2026-05-27T14:05:46.390	WT901BLE68(F3:F0:16:BF:DC:AE)	0.835	-0.020	0.520	-8.972	12.695	-14.771	2.07	-58.82	164.64	1.927	-31.240	-3.000	0.04376	0.46616	0.02975	0.88306	25.9	null	null	13113	75
2026-05-27T14:05:46.478	WT901BLE68(F3:F0:16:BF:DC:AE)	0.847	-0.062	0.533	-9.766	18.250	-16.296	3.43	-57.16	162.55	1.927	-31.240	-3.000	0.04376	0.46616	0.02975	0.88306	25.9	null	null	13113	75
2026-05-27T14:05:46.597	WT901BLE68(F3:F0:16:BF:DC:AE)	0.872	0.089	0.694	-7.690	16.479	-18.188	5.02	-55.15	160.38	1.927	-31.240	-3.000	0.12146	0.47379	-0.04565	0.87097	25.9	null	null	13113	75
2026-05-27T14:05:46.720	WT901BLE68(F3:F0:16:BF:DC:AE)	0.860	0.052	0.631	-57.739	-10.864	-23.926	4.16	-54.71	157.57	1.927	-31.240	-3.000	0.12146	0.47379	-0.04565	0.87097	25.9	null	null	13113	75
2026-05-27T14:05:46.810	WT901BLE68(F3:F0:16:BF:DC:AE)	0.858	-0.024	0.434	-46.631	-11.902	-23.560	2.36	-56.07	154.27	1.927	-31.240	-3.000	0.12146	0.47379	-0.04565	0.87097	25.9	null	null	13113	75
2026-05-27T14:05:46.896	WT901BLE68(F3:F0:16:BF:DC:AE)	0.861	0.096	0.594	-24.658	4.211	-22.827	2.33	-56.71	150.96	1.927	-31.240	-3.000	0.12146	0.47379	-0.04565	0.87097	25.9	null	null	13113	75
2026-05-27T14:05:47.019	WT901BLE68(F3:F0:16:BF:DC:AE)	0.841	0.056	0.599	-17.334	-1.770	-13.855	3.07	-56.54	148.60	1.927	-31.240	-3.000	0.12146	0.47379	-0.04565	0.87097	25.9	null	null	13113	75
2026-05-27T14:05:47.077	WT901BLE68(F3:F0:16:BF:DC:AE)	0.798	0.099	0.513	-26.794	-6.348	-12.573	2.74	-56.93	146.74	1.927	-31.240	-3.000	0.12146	0.47379	-0.04565	0.87097	25.9	null	null	13113	75
2026-05-27T14:05:47.198	WT901BLE68(F3:F0:16:BF:DC:AE)	0.830	-0.094	0.418	-18.555	-3.845	-13.000	2.84	-57.41	144.27	1.927	-31.240	-3.000	0.12146	0.47379	-0.04565	0.87097	25.9	null	null	13113	75
2026-05-27T14:05:47.286	WT901BLE68(F3:F0:16:BF:DC:AE)	0.802	0.118	0.550	9.521	6.592	-0.427	3.60	-56.60	144.13	5.400	-31.000	-11.993	0.12146	0.47379	-0.04565	0.87097	25.9	null	null	13113	75
2026-05-27T14:05:47.409	WT901BLE68(F3:F0:16:BF:DC:AE)	0.813	-0.031	0.649	3.662	8.484	-2.441	4.16	-55.81	144.45	5.400	-31.000	-11.993	0.12146	0.47379	-0.04565	0.87097	25.9	null	null	13113	75
2026-05-27T14:05:47.496	WT901BLE68(F3:F0:16:BF:DC:AE)	0.825	0.019	0.615	-8.911	3.845	-2.991	3.45	-55.43	144.69	5.400	-31.000	-11.993	0.25357	0.45343	-0.11270	0.84692	25.9	null	null	13113	75
2026-05-27T14:05:47.617	WT901BLE68(F3:F0:16:BF:DC:AE)	0.878	-0.001	0.617	-13.672	-5.005	8.972	2.05	-55.59	145.74	5.400	-31.000	-11.993	0.25357	0.45343	-0.11270	0.84692	25.9	null	null	13113	75
2026-05-27T14:05:47.676	WT901BLE68(F3:F0:16:BF:DC:AE)	0.833	0.044	0.546	2.014	-17.273	5.981	1.57	-56.39	147.41	5.400	-31.000	-11.993	0.25357	0.45343	-0.11270	0.84692	25.9	null	null	13113	75
2026-05-27T14:05:47.798	WT901BLE68(F3:F0:16:BF:DC:AE)	0.896	-0.005	0.517	21.912	-16.296	10.132	1.58	-58.30	148.71	5.400	-31.000	-11.993	0.25357	0.45343	-0.11270	0.84692	25.9	null	null	13113	75
2026-05-27T14:05:47.889	WT901BLE68(F3:F0:16:BF:DC:AE)	0.875	-0.082	0.176	52.795	-5.493	-8.911	5.98	-59.44	147.66	5.400	-31.000	-11.993	0.25357	0.45343	-0.11270	0.84692	25.9	null	null	13113	75
2026-05-27T14:05:48.007	WT901BLE68(F3:F0:16:BF:DC:AE)	0.935	0.237	0.406	33.569	-15.686	-3.052	12.13	-60.84	147.28	5.400	-31.000	-11.993	0.25357	0.45343	-0.11270	0.84692	25.9	null	null	13113	75
2026-05-27T14:05:48.097	WT901BLE68(F3:F0:16:BF:DC:AE)	0.857	0.236	0.482	-3.174	-16.296	-6.287	14.57	-62.70	144.94	7.667	-29.667	-14.867	0.25357	0.45343	-0.11270	0.84692	25.9	null	null	13113	75
2026-05-27T14:05:48.247	WT901BLE68(F3:F0:16:BF:DC:AE)	0.828	0.057	0.510	8.850	3.479	-21.790	17.17	-62.40	140.45	7.667	-29.667	-14.867	0.25357	0.45343	-0.11270	0.84692	25.9	null	null	13113	75
2026-05-27T14:05:48.275	WT901BLE68(F3:F0:16:BF:DC:AE)	0.860	-0.088	0.485	30.212	0.610	6.165	19.75	-61.98	138.69	7.667	-29.667	-14.867	0.21735	0.52600	-0.04495	0.82095	25.9	null	null	13113	75
2026-05-27T14:05:48.461	WT901BLE68(F3:F0:16:BF:DC:AE)	0.804	0.178	0.650	-13.977	21.301	11.353	16.06	-61.53	142.53	7.667	-29.667	-14.867	0.21735	0.52600	-0.04495	0.82095	25.9	null	null	13113	75
2026-05-27T14:05:48.488	WT901BLE68(F3:F0:16:BF:DC:AE)	0.900	0.152	0.517	3.723	33.569	-1.160	12.06	-59.12	144.73	7.667	-29.667	-14.867	0.21735	0.52600	-0.04495	0.82095	25.9	null	null	13113	75
2026-05-27T14:05:48.641	WT901BLE68(F3:F0:16:BF:DC:AE)	1.073	0.412	0.341	-0.916	16.968	-11.108	12.03	-56.17	145.06	7.667	-29.667	-14.867	0.21735	0.52600	-0.04495	0.82095	25.9	null	null	13113	75
2026-05-27T14:05:48.695	WT901BLE68(F3:F0:16:BF:DC:AE)	0.918	0.279	0.493	2.136	-5.798	-25.146	15.93	-56.04	139.77	7.667	-29.667	-14.867	0.21735	0.52600	-0.04495	0.82095	25.9	null	null	13113	75
2026-05-27T14:05:48.823	WT901BLE68(F3:F0:16:BF:DC:AE)	0.903	0.082	0.643	-4.395	-2.563	-26.917	21.22	-55.61	134.60	7.667	-29.667	-14.867	0.21735	0.52600	-0.04495	0.82095	25.9	null	null	13113	75
2026-05-27T14:05:48.911	WT901BLE68(F3:F0:16:BF:DC:AE)	0.826	0.348	0.404	-12.146	-9.033	-18.738	23.37	-55.28	129.56	7.667	-29.667	-14.867	0.21735	0.52600	-0.04495	0.82095	25.9	null	null	13113	75
2026-05-27T14:05:49.030	WT901BLE68(F3:F0:16:BF:DC:AE)	0.917	0.247	0.539	-11.414	-7.019	-13.733	25.60	-55.51	125.84	11.040	-23.740	-15.880	0.21735	0.52600	-0.04495	0.82095	25.9	null	null	13113	75
2026-05-27T14:05:49.086	WT901BLE68(F3:F0:16:BF:DC:AE)	0.782	0.208	0.492	-5.310	3.540	-0.732	26.39	-55.34	123.76	11.040	-23.740	-15.880	0.21735	0.52600	-0.04495	0.82095	25.9	null	null	13113	75
2026-05-27T14:05:49.210	WT901BLE68(F3:F0:16:BF:DC:AE)	0.852	0.116	0.505	-2.441	8.484	11.902	25.19	-55.17	124.60	11.040	-23.740	-15.880	0.21735	0.52600	-0.04495	0.82095	25.9	null	null	13113	75
2026-05-27T14:05:49.293	WT901BLE68(F3:F0:16:BF:DC:AE)	0.826	0.224	0.615	-4.028	11.719	20.447	22.24	-54.85	127.62	11.040	-23.740	-15.880	0.30975	0.48810	-0.04007	0.81491	25.9	null	null	13113	75
2026-05-27T14:05:49.419	WT901BLE68(F3:F0:16:BF:DC:AE)	0.792	0.211	0.554	3.967	8.240	20.203	19.32	-54.63	131.22	11.040	-23.740	-15.880	0.30975	0.48810	-0.04007	0.81491	25.9	null	null	13113	75
2026-05-27T14:05:49.506	WT901BLE68(F3:F0:16:BF:DC:AE)	0.801	0.152	0.604	8.179	9.094	24.597	16.87	-54.57	134.45	11.040	-23.740	-15.880	0.30975	0.48810	-0.04007	0.81491	25.9	null	null	13113	75
2026-05-27T14:05:49.628	WT901BLE68(F3:F0:16:BF:DC:AE)	0.880	0.083	0.622	17.151	15.991	36.682	13.90	-54.33	139.33	11.040	-23.740	-15.880	0.30975	0.48810	-0.04007	0.81491	25.9	null	null	13113	75
2026-05-27T14:05:49.750	WT901BLE68(F3:F0:16:BF:DC:AE)	0.814	0.104	0.600	14.771	-4.272	39.917	10.55	-54.50	145.77	11.040	-23.740	-15.880	0.30975	0.48810	-0.04007	0.81491	25.9	null	null	13113	75
2026-05-27T14:05:49.838	WT901BLE68(F3:F0:16:BF:DC:AE)	0.846	0.038	0.512	20.264	-12.329	40.649	6.71	-56.24	151.89	11.040	-23.740	-15.880	0.30975	0.48810	-0.04007	0.81491	25.9	null	null	13113	75
2026-05-27T14:05:49.901	WT901BLE68(F3:F0:16:BF:DC:AE)	0.807	-0.024	0.461	36.926	-6.714	37.903	4.13	-57.89	158.20	6.300	-34.787	-14.700	0.30975	0.48810	-0.04007	0.81491	25.9	null	null	13113	75
2026-05-27T14:05:50.016	WT901BLE68(F3:F0:16:BF:DC:AE)	0.858	-0.082	0.542	6.775	-5.554	30.518	0.62	-58.53	164.35	6.300	-34.787	-14.700	0.30975	0.48810	-0.04007	0.81491	25.9	null	null	13113	75
2026-05-27T14:05:50.137	WT901BLE68(F3:F0:16:BF:DC:AE)	0.855	-0.065	0.519	12.390	-4.456	22.095	-3.14	-59.17	168.92	6.300	-34.787	-14.700	0.10349	0.48749	-0.06952	0.86414	25.9	null	null	13113	75
2026-05-27T14:05:50.258	WT901BLE68(F3:F0:16:BF:DC:AE)	0.857	-0.061	0.535	36.499	7.324	13.672	-4.11	-59.17	171.86	6.300	-34.787	-14.700	0.10349	0.48749	-0.06952	0.86414	25.9	null	null	13113	75
2026-05-27T14:05:50.319	WT901BLE68(F3:F0:16:BF:DC:AE)	0.798	-0.067	0.567	17.029	2.563	3.845	-2.98	-58.46	172.86	6.300	-34.787	-14.700	0.10349	0.48749	-0.06952	0.86414	25.9	null	null	13113	75
2026-05-27T14:05:50.435	WT901BLE68(F3:F0:16:BF:DC:AE)	0.818	-0.060	0.522	21.484	11.597	-3.723	-1.52	-57.79	172.82	6.300	-34.787	-14.700	0.10349	0.48749	-0.06952	0.86414	25.9	null	null	13113	75
2026-05-27T14:05:50.497	WT901BLE68(F3:F0:16:BF:DC:AE)	0.824	-0.063	0.563	9.888	9.216	-11.414	0.93	-56.57	171.29	6.300	-34.787	-14.700	0.10349	0.48749	-0.06952	0.86414	25.9	null	null	13113	75
2026-05-27T14:05:50.617	WT901BLE68(F3:F0:16:BF:DC:AE)	0.891	0.063	0.594	18.616	2.380	-12.390	3.94	-55.74	168.92	6.300	-34.787	-14.700	0.10349	0.48749	-0.06952	0.86414	25.9	null	null	13113	75
2026-05-27T14:05:50.709	WT901BLE68(F3:F0:16:BF:DC:AE)	0.857	0.085	0.466	17.151	-7.629	-7.263	7.26	-56.04	166.83	6.300	-34.787	-14.700	0.10349	0.48749	-0.06952	0.86414	25.9	null	null	13113	75
2026-05-27T14:05:50.827	WT901BLE68(F3:F0:16:BF:DC:AE)	0.876	0.128	0.431	9.033	-3.601	-8.789	9.66	-56.74	164.46	6.300	-34.787	-14.700	0.10349	0.48749	-0.06952	0.86414	25.9	null	null	13113	75
2026-05-27T14:05:50.917	WT901BLE68(F3:F0:16:BF:DC:AE)	0.863	0.152	0.471	2.380	-3.784	-5.310	11.52	-56.95	162.34	5.207	-34.127	-10.873	0.10349	0.48749	-0.06952	0.86414	25.9	null	null	13113	75
2026-05-27T14:05:51.035	WT901BLE68(F3:F0:16:BF:DC:AE)	0.901	0.088	0.518	6.714	-2.258	-0.427	12.68	-57.32	160.81	5.207	-34.127	-10.873	0.09073	0.48465	0.01596	0.86978	25.9	null	null	13113	75
2026-05-27T14:05:51.097	WT901BLE68(F3:F0:16:BF:DC:AE)	0.847	0.192	0.521	9.338	5.310	-1.160	13.86	-57.24	160.31	5.207	-34.127	-10.873	0.09073	0.48465	0.01596	0.86978	25.9	null	null	13113	75
2026-05-27T14:05:51.251	WT901BLE68(F3:F0:16:BF:DC:AE)	0.848	0.152	0.592	-5.493	-3.601	4.517	13.77	-57.15	159.52	5.207	-34.127	-10.873	0.09073	0.48465	0.01596	0.86978	25.9	null	null	13113	75
2026-05-27T14:05:51.308	WT901BLE68(F3:F0:16:BF:DC:AE)	0.835	0.115	0.508	-0.610	-5.310	7.385	12.68	-57.66	159.96	5.207	-34.127	-10.873	0.09073	0.48465	0.01596	0.86978	25.9	null	null	13113	75
2026-05-27T14:05:51.427	WT901BLE68(F3:F0:16:BF:DC:AE)	0.827	0.138	0.582	-20.325	-5.310	5.310	11.32	-58.29	160.08	5.207	-34.127	-10.873	0.09073	0.48465	0.01596	0.86978	25.9	null	null	13113	75
2026-05-27T14:05:51.517	WT901BLE68(F3:F0:16:BF:DC:AE)	0.824	0.072	0.533	-31.860	-4.517	1.770	8.46	-58.57	159.66	5.207	-34.127	-10.873	0.09073	0.48465	0.01596	0.86978	25.9	null	null	13113	75
2026-05-27T14:05:51.637	WT901BLE68(F3:F0:16:BF:DC:AE)	0.836	-0.001	0.514	-16.846	-6.958	7.751	5.65	-59.09	159.93	5.207	-34.127	-10.873	0.09073	0.48465	0.01596	0.86978	25.9	null	null	13113	75
2026-05-27T14:05:51.727	WT901BLE68(F3:F0:16:BF:DC:AE)	0.850	0.051	0.509	-7.080	-2.075	6.348	3.35	-59.52	160.95	5.207	-34.127	-10.873	0.09073	0.48465	0.01596	0.86978	25.9	null	null	13113	75
2026-05-27T14:05:51.849	WT901BLE68(F3:F0:16:BF:DC:AE)	0.869	0.061	0.590	11.780	-1.404	9.094	2.26	-59.63	161.89	5.207	-34.127	-10.873	0.09073	0.48465	0.01596	0.86978	25.9	null	null	13113	75
2026-05-27T14:05:51.908	WT901BLE68(F3:F0:16:BF:DC:AE)	0.857	0.029	0.532	-6.958	-5.005	7.263	1.19	-59.90	162.82	5.207	-34.127	-10.873	0.09073	0.48465	0.01596	0.86978	25.9	null	null	13113	75
2026-05-27T14:05:52.026	WT901BLE68(F3:F0:16:BF:DC:AE)	0.867	0.007	0.483	3.845	-10.742	15.442	-1.41	-60.66	164.50	5.207	-34.127	-10.873	0.09073	0.48465	0.01596	0.86978	25.9	null	null	13113	75
2026-05-27T14:05:52.119	WT901BLE68(F3:F0:16:BF:DC:AE)	0.872	-0.040	0.489	3.235	-10.620	13.672	-3.74	-61.63	166.66	5.207	-34.127	-10.873	0.09073	0.48465	0.01596	0.86978	25.9	null	null	13113	75
2026-05-27T14:05:52.237	WT901BLE68(F3:F0:16:BF:DC:AE)	0.893	-0.061	0.512	7.751	-8.606	17.883	-6.17	-62.26	169.57	5.207	-34.127	-10.873	0.09073	0.48465	0.01596	0.86978	25.9	null	null	13113	75
2026-05-27T14:05:52.327	WT901BLE68(F3:F0:16:BF:DC:AE)	0.870	-0.125	0.440	9.277	1.160	13.428	-7.98	-62.19	172.09	5.293	-40.813	-18.500	0.09073	0.48465	0.01596	0.86978	25.9	null	null	13113	75
2026-05-27T14:05:52.445	WT901BLE68(F3:F0:16:BF:DC:AE)	0.894	-0.076	0.486	16.357	5.859	11.719	-8.88	-61.48	174.05	5.293	-40.813	-18.500	0.08856	0.50729	-0.09448	0.85193	25.9	null	null	13113	75
2026-05-27T14:05:52.537	WT901BLE68(F3:F0:16:BF:DC:AE)	0.895	-0.120	0.509	7.019	2.441	8.911	-9.62	-61.02	175.73	5.293	-40.813	-18.500	0.08856	0.50729	-0.09448	0.85193	25.9	null	null	13113	75
2026-05-27T14:05:52.660	WT901BLE68(F3:F0:16:BF:DC:AE)	0.863	-0.070	0.469	4.456	3.174	2.075	-10.07	-60.70	175.84	5.293	-40.813	-18.500	0.08856	0.50729	-0.09448	0.85193	25.9	null	null	13113	75
2026-05-27T14:05:52.716	WT901BLE68(F3:F0:16:BF:DC:AE)	0.853	-0.093	0.492	4.089	5.127	-7.874	-8.81	-60.28	174.56	5.293	-40.813	-18.500	0.08856	0.50729	-0.09448	0.85193	25.9	null	null	13113	75
2026-05-27T14:05:52.840	WT901BLE68(F3:F0:16:BF:DC:AE)	0.932	0.171	0.694	13.489	7.141	-19.775	-5.31	-59.75	171.66	5.293	-40.813	-18.500	0.08856	0.50729	-0.09448	0.85193	25.9	null	null	13113	75
2026-05-27T14:05:52.926	WT901BLE68(F3:F0:16:BF:DC:AE)	0.847	0.016	0.546	30.396	2.869	-22.949	1.14	-58.96	166.77	5.293	-40.813	-18.500	0.08856	0.50729	-0.09448	0.85193	25.9	null	null	13113	75
2026-05-27T14:05:53.048	WT901BLE68(F3:F0:16:BF:DC:AE)	0.820	0.050	0.542	18.799	-1.770	-25.757	8.06	-58.60	161.88	5.293	-40.813	-18.500	0.08856	0.50729	-0.09448	0.85193	25.9	null	null	13113	75
2026-05-27T14:05:53.135	WT901BLE68(F3:F0:16:BF:DC:AE)	0.877	0.090	0.571	-5.920	-2.014	-32.288	12.80	-58.18	155.87	8.367	-35.380	-13.653	0.08856	0.50729	-0.09448	0.85193	25.9	null	null	13113	75
2026-05-27T14:05:53.257	WT901BLE68(F3:F0:16:BF:DC:AE)	0.892	0.129	0.537	14.465	-4.150	-25.024	17.08	-57.76	150.80	8.367	-35.380	-13.653	0.08856	0.50729	-0.09448	0.85193	25.9	null	null	13113	75
2026-05-27T14:05:53.317	WT901BLE68(F3:F0:16:BF:DC:AE)	0.840	0.245	0.455	1.648	-4.028	-25.146	21.15	-57.18	145.42	8.367	-35.380	-13.653	0.16910	0.49664	0.01306	0.85117	25.9	null	null	13113	75
2026-05-27T14:05:53.437	WT901BLE68(F3:F0:16:BF:DC:AE)	0.826	0.225	0.491	-15.442	0.854	-12.390	22.49	-56.79	141.25	8.367	-35.380	-13.653	0.16910	0.49664	0.01306	0.85117	25.9	null	null	13113	75
2026-05-27T14:05:53.527	WT901BLE68(F3:F0:16:BF:DC:AE)	0.862	0.380	0.551	-22.888	1.221	-1.953	21.62	-56.39	139.60	8.367	-35.380	-13.653	0.16910	0.49664	0.01306	0.85117	25.9	null	null	13113	75
2026-05-27T14:05:53.648	WT901BLE68(F3:F0:16:BF:DC:AE)	0.828	0.234	0.491	-7.507	-3.418	3.052	20.62	-56.65	138.25	8.367	-35.380	-13.653	0.16910	0.49664	0.01306	0.85117	25.9	null	null	13113	75
2026-05-27T14:05:53.735	WT901BLE68(F3:F0:16:BF:DC:AE)	0.830	0.243	0.530	-20.630	0.000	2.014	19.13	-56.80	137.80	8.367	-35.380	-13.653	0.16910	0.49664	0.01306	0.85117	25.9	null	null	13113	75
2026-05-27T14:05:53.855	WT901BLE68(F3:F0:16:BF:DC:AE)	0.802	0.168	0.645	-24.414	6.836	14.465	16.27	-56.57	138.66	8.367	-35.380	-13.653	0.16910	0.49664	0.01306	0.85117	25.9	null	null	13113	75
2026-05-27T14:05:53.919	WT901BLE68(F3:F0:16:BF:DC:AE)	0.803	0.162	0.557	-29.175	12.512	17.883	10.91	-55.87	141.33	8.367	-35.380	-13.653	0.16910	0.49664	0.01306	0.85117	25.9	null	null	13113	75
2026-05-27T14:05:54.101	WT901BLE68(F3:F0:16:BF:DC:AE)	0.902	0.081	0.467	2.991	-0.427	22.278	6.37	-55.32	144.58	8.367	-35.380	-13.653	0.16910	0.49664	0.01306	0.85117	25.9	null	null	13113	75
2026-05-27T14:05:54.125	WT901BLE68(F3:F0:16:BF:DC:AE)	0.864	0.128	0.487	39.673	-7.080	-0.854	6.92	-56.13	146.23	12.373	-33.807	-18.233	0.16910	0.49664	0.01306	0.85117	25.9	null	null	13113	75
2026-05-27T14:05:54.249	WT901BLE68(F3:F0:16:BF:DC:AE)	0.795	0.011	0.526	47.119	0.549	0.305	11.23	-56.55	145.22	12.373	-33.807	-18.233	0.16910	0.49664	0.01306	0.85117	25.9	null	null	13113	75
2026-05-27T14:05:54.337	WT901BLE68(F3:F0:16:BF:DC:AE)	0.825	0.080	0.624	28.992	-5.920	5.249	13.97	-56.90	145.51	12.373	-33.807	-18.233	0.21118	0.47867	-0.04761	0.85083	25.9	null	null	13113	75
2026-05-27T14:05:54.458	WT901BLE68(F3:F0:16:BF:DC:AE)	0.795	0.143	0.540	-12.573	-7.141	4.395	14.97	-57.62	145.61	12.373	-33.807	-18.233	0.21118	0.47867	-0.04761	0.85083	25.9	null	null	13113	75
2026-05-27T14:05:54.547	WT901BLE68(F3:F0:16:BF:DC:AE)	0.829	0.120	0.682	-5.737	-0.854	-8.728	12.95	-58.37	145.22	12.373	-33.807	-18.233	0.21118	0.47867	-0.04761	0.85083	25.9	null	null	13113	75
2026-05-27T14:05:54.669	WT901BLE68(F3:F0:16:BF:DC:AE)	0.819	0.067	0.515	-18.250	6.409	-9.644	12.63	-57.74	143.48	12.373	-33.807	-18.233	0.21118	0.47867	-0.04761	0.85083	25.9	null	null	13113	75
2026-05-27T14:05:54.727	WT901BLE68(F3:F0:16:BF:DC:AE)	0.842	0.092	0.572	-19.287	6.958	-18.555	12.96	-56.51	140.62	12.373	-33.807	-18.233	0.21118	0.47867	-0.04761	0.85083	25.9	null	null	13113	75
2026-05-27T14:05:54.873	WT901BLE68(F3:F0:16:BF:DC:AE)	0.813	0.078	0.542	-34.790	3.479	-23.254	13.26	-55.42	137.02	12.373	-33.807	-18.233	0.21118	0.47867	-0.04761	0.85083	25.9	null	null	13113	75
2026-05-27T14:05:54.937	WT901BLE68(F3:F0:16:BF:DC:AE)	0.782	0.159	0.630	-43.518	-2.014	-28.870	12.86	-54.77	132.71	16.013	-31.573	-19.187	0.21118	0.47867	-0.04761	0.85083	25.9	null	null	13113	75
2026-05-27T14:05:55.058	WT901BLE68(F3:F0:16:BF:DC:AE)	0.800	0.172	0.521	-43.640	-1.892	-28.809	12.04	-54.25	127.95	16.013	-31.573	-19.187	0.21118	0.47867	-0.04761	0.85083	25.9	null	null	13113	75
2026-05-27T14:05:55.148	WT901BLE68(F3:F0:16:BF:DC:AE)	0.845	0.200	0.478	-52.917	-5.615	-35.645	11.94	-53.89	122.34	16.013	-31.573	-19.187	0.37347	0.44186	-0.12964	0.80521	25.9	null	null	13113	75
2026-05-27T14:05:55.266	WT901BLE68(F3:F0:16:BF:DC:AE)	0.812	0.169	0.503	-36.438	-0.549	-27.222	12.05	-53.79	116.60	16.013	-31.573	-19.187	0.37347	0.44186	-0.12964	0.80521	25.9	null	null	13113	75
2026-05-27T14:05:55.325	WT901BLE68(F3:F0:16:BF:DC:AE)	0.828	0.124	0.577	-39.124	-1.953	-21.057	11.59	-53.60	112.39	16.013	-31.573	-19.187	0.37347	0.44186	-0.12964	0.80521	25.9	null	null	13113	75
2026-05-27T14:05:55.450	WT901BLE68(F3:F0:16:BF:DC:AE)	0.816	0.156	0.609	-35.645	-0.793	-18.188	11.28	-53.36	109.17	16.013	-31.573	-19.187	0.37347	0.44186	-0.12964	0.80521	25.9	null	null	13113	75
2026-05-27T14:05:55.537	WT901BLE68(F3:F0:16:BF:DC:AE)	0.777	0.124	0.606	-37.109	0.610	-14.771	10.33	-52.98	106.31	16.013	-31.573	-19.187	0.37347	0.44186	-0.12964	0.80521	25.9	null	null	13113	75
2026-05-27T14:05:55.659	WT901BLE68(F3:F0:16:BF:DC:AE)	0.802	0.110	0.598	-35.095	2.991	-10.132	8.53	-52.45	104.32	16.013	-31.573	-19.187	0.37347	0.44186	-0.12964	0.80521	25.9	null	null	13113	75
2026-05-27T14:05:55.747	WT901BLE68(F3:F0:16:BF:DC:AE)	0.815	0.125	0.576	-27.405	-0.061	-3.967	6.66	-52.12	103.45	16.013	-31.573	-19.187	0.37347	0.44186	-0.12964	0.80521	25.9	null	null	13113	75
2026-05-27T14:05:55.865	WT901BLE68(F3:F0:16:BF:DC:AE)	0.856	0.076	0.578	-27.039	-10.803	-5.066	5.08	-52.58	102.94	24.393	-16.833	-28.760	0.37347	0.44186	-0.12964	0.80521	25.9	null	null	13113	75
2026-05-27T14:05:55.959	WT901BLE68(F3:F0:16:BF:DC:AE)	0.811	-0.027	0.575	-46.692	-26.306	-12.573	3.55	-54.58	101.08	24.393	-16.833	-28.760	0.37347	0.44186	-0.12964	0.80521	25.9	null	null	13113	75
2026-05-27T14:05:56.079	WT901BLE68(F3:F0:16:BF:DC:AE)	0.774	-0.063	0.542	-43.213	-15.808	-6.226	0.83	-56.62	99.89	24.393	-16.833	-28.760	0.56058	0.36948	-0.29037	0.68176	25.9	null	null	13113	75
2026-05-27T14:05:56.166	WT901BLE68(F3:F0:16:BF:DC:AE)	0.820	0.023	0.632	-58.594	-7.263	-12.268	-2.91	-57.56	98.52	24.393	-16.833	-28.760	0.56058	0.36948	-0.29037	0.68176	25.9	null	null	13113	75
2026-05-27T14:05:56.257	WT901BLE68(F3:F0:16:BF:DC:AE)	0.805	-0.089	0.471	-60.425	-11.108	-18.860	-6.71	-58.50	96.59	24.393	-16.833	-28.760	0.56058	0.36948	-0.29037	0.68176	25.9	null	null	13113	75
2026-05-27T14:05:56.347	WT901BLE68(F3:F0:16:BF:DC:AE)	0.854	-0.037	0.516	-49.377	-0.244	-28.198	-7.98	-59.29	92.66	24.393	-16.833	-28.760	0.56058	0.36948	-0.29037	0.68176	25.9	null	null	13113	75
2026-05-27T14:05:56.465	WT901BLE68(F3:F0:16:BF:DC:AE)	0.856	-0.079	0.503	-50.903	10.437	-36.743	-7.45	-59.12	86.86	24.393	-16.833	-28.760	0.56058	0.36948	-0.29037	0.68176	25.9	null	null	13113	75
2026-05-27T14:05:56.558	WT901BLE68(F3:F0:16:BF:DC:AE)	0.819	-0.008	0.523	-49.683	19.470	-43.640	-5.83	-58.15	79.52	24.393	-16.833	-28.760	0.56058	0.36948	-0.29037	0.68176	25.9	null	null	13113	75
2026-05-27T14:05:56.675	WT901BLE68(F3:F0:16:BF:DC:AE)	0.847	-0.051	0.433	-54.321	23.926	-60.486	-2.95	-56.58	70.21	24.393	-16.833	-28.760	0.56058	0.36948	-0.29037	0.68176	25.9	null	null	13113	75
2026-05-27T14:05:56.735	WT901BLE68(F3:F0:16:BF:DC:AE)	0.825	0.064	0.429	-44.861	10.864	-71.960	2.02	-54.99	58.47	25.807	16.753	-29.293	0.56058	0.36948	-0.29037	0.68176	25.9	null	null	13113	75
2026-05-27T14:05:56.859	WT901BLE68(F3:F0:16:BF:DC:AE)	0.892	0.100	0.415	-59.326	-5.371	-57.861	5.62	-54.96	47.50	25.807	16.753	-29.293	0.56058	0.36948	-0.29037	0.68176	25.9	null	null	13113	75
2026-05-27T14:05:56.945	WT901BLE68(F3:F0:16:BF:DC:AE)	0.832	0.109	0.461	-55.481	-7.690	-45.776	7.33	-55.61	38.30	25.807	16.753	-29.293	0.81586	0.21463	-0.41464	0.34100	25.9	null	null	13113	75
2026-05-27T14:05:57.100	WT901BLE68(F3:F0:16:BF:DC:AE)	0.823	0.179	0.614	-38.635	-2.686	-30.701	9.39	-55.72	31.27	25.807	16.753	-29.293	0.81586	0.21463	-0.41464	0.34100	25.9	null	null	13113	75
2026-05-27T14:05:57.157	WT901BLE68(F3:F0:16:BF:DC:AE)	0.813	0.120	0.673	-36.255	-0.061	-18.127	9.36	-55.44	26.98	25.807	16.753	-29.293	0.81586	0.21463	-0.41464	0.34100	25.9	null	null	13113	75
2026-05-27T14:05:57.277	WT901BLE68(F3:F0:16:BF:DC:AE)	0.801	0.142	0.590	-30.396	4.883	-9.216	7.79	-54.64	24.35	25.807	16.753	-29.293	0.81586	0.21463	-0.41464	0.34100	25.9	null	null	13113	75
2026-05-27T14:05:57.367	WT901BLE68(F3:F0:16:BF:DC:AE)	0.796	0.098	0.558	-21.729	4.578	-9.827	7.04	-53.97	22.16	25.807	16.753	-29.293	0.81586	0.21463	-0.41464	0.34100	25.9	null	null	13113	75
2026-05-27T14:05:57.488	WT901BLE68(F3:F0:16:BF:DC:AE)	0.824	0.053	0.596	-21.606	1.160	-6.592	6.45	-53.64	20.02	25.807	16.753	-29.293	0.81586	0.21463	-0.41464	0.34100	25.9	null	null	13113	75
2026-05-27T14:05:57.546	WT901BLE68(F3:F0:16:BF:DC:AE)	0.805	0.074	0.578	-33.936	-0.854	-5.493	4.77	-53.59	18.34	25.807	16.753	-29.293	0.81586	0.21463	-0.41464	0.34100	25.9	null	null	13113	75
2026-05-27T14:05:57.667	WT901BLE68(F3:F0:16:BF:DC:AE)	0.781	0.034	0.566	-17.029	0.610	-1.343	2.92	-53.61	17.06	25.807	16.753	-29.293	0.81586	0.21463	-0.41464	0.34100	25.9	null	null	13113	75
2026-05-27T14:05:57.758	WT901BLE68(F3:F0:16:BF:DC:AE)	0.818	0.030	0.610	-13.184	1.038	4.700	1.45	-53.55	16.81	9.773	33.827	-0.853	0.81586	0.21463	-0.41464	0.34100	25.9	null	null	13113	75
2026-05-27T14:05:57.880	WT901BLE68(F3:F0:16:BF:DC:AE)	0.810	0.067	0.612	-14.526	-3.296	3.967	-0.38	-53.77	16.94	9.773	33.827	-0.853	0.88254	0.06940	-0.44565	0.13269	25.9	null	null	13113	75
2026-05-27T14:05:57.966	WT901BLE68(F3:F0:16:BF:DC:AE)	0.802	-0.005	0.593	-20.996	-8.606	2.747	-2.81	-54.46	17.11	9.773	33.827	-0.853	0.88254	0.06940	-0.44565	0.13269	25.9	null	null	13113	75
2026-05-27T14:05:58.087	WT901BLE68(F3:F0:16:BF:DC:AE)	0.789	0.017	0.594	-23.010	-5.554	2.747	-5.49	-55.22	17.12	9.773	33.827	-0.853	0.88254	0.06940	-0.44565	0.13269	25.9	null	null	13113	75
2026-05-27T14:05:58.150	WT901BLE68(F3:F0:16:BF:DC:AE)	0.833	-0.059	0.605	-20.081	-5.981	-3.601	-7.09	-55.75	16.48	9.773	33.827	-0.853	0.88254	0.06940	-0.44565	0.13269	25.9	null	null	13113	75
2026-05-27T14:05:58.268	WT901BLE68(F3:F0:16:BF:DC:AE)	0.800	-0.012	0.469	-4.272	-0.977	-11.108	-7.01	-56.17	14.58	9.773	33.827	-0.853	0.88254	0.06940	-0.44565	0.13269	25.9	null	null	13113	75
2026-05-27T14:05:58.361	WT901BLE68(F3:F0:16:BF:DC:AE)	0.854	-0.088	0.583	-12.634	-3.357	-14.160	-5.64	-56.68	12.14	9.773	33.827	-0.853	0.88254	0.06940	-0.44565	0.13269	25.9	null	null	13113	75
2026-05-27T14:05:58.475	WT901BLE68(F3:F0:16:BF:DC:AE)	0.849	-0.012	0.574	-24.414	-3.235	-16.724	-4.94	-57.16	9.00	9.773	33.827	-0.853	0.88254	0.06940	-0.44565	0.13269	25.9	null	null	13113	75
2026-05-27T14:05:58.566	WT901BLE68(F3:F0:16:BF:DC:AE)	0.823	-0.063	0.527	-19.592	0.305	-21.851	-4.41	-57.53	5.11	7.320	25.813	5.787	0.88254	0.06940	-0.44565	0.13269	25.9	null	null	13113	75
2026-05-27T14:05:58.689	WT901BLE68(F3:F0:16:BF:DC:AE)	0.873	-0.037	0.544	-16.113	4.700	-23.193	-3.25	-57.45	1.02	7.320	25.813	5.787	0.88254	0.06940	-0.44565	0.13269	25.9	null	null	13113	75
2026-05-27T14:05:58.777	WT901BLE68(F3:F0:16:BF:DC:AE)	0.845	-0.029	0.525	-4.944	7.446	-26.794	-0.52	-56.93	-3.77	7.320	25.813	5.787	0.87799	-0.02072	-0.47745	-0.02478	25.9	null	null	13113	75
2026-05-27T14:05:58.899	WT901BLE68(F3:F0:16:BF:DC:AE)	0.820	-0.018	0.476	10.010	7.202	-29.907	3.32	-56.04	-8.78	7.320	25.813	5.787	0.87799	-0.02072	-0.47745	-0.02478	25.9	null	null	13113	75
2026-05-27T14:05:58.957	WT901BLE68(F3:F0:16:BF:DC:AE)	0.823	0.054	0.594	3.540	9.094	-32.593	7.98	-54.87	-14.29	7.320	25.813	5.787	0.87799	-0.02072	-0.47745	-0.02478	25.9	null	null	13113	75
2026-05-27T14:05:59.078	WT901BLE68(F3:F0:16:BF:DC:AE)	0.812	0.060	0.584	-1.099	9.033	-35.645	11.64	-53.47	-19.76	7.320	25.813	5.787	0.87799	-0.02072	-0.47745	-0.02478	25.9	null	null	13113	75
2026-05-27T14:05:59.167	WT901BLE68(F3:F0:16:BF:DC:AE)	0.811	0.169	0.535	-7.996	1.038	-40.466	15.67	-52.13	-26.17	7.320	25.813	5.787	0.87799	-0.02072	-0.47745	-0.02478	25.9	null	null	13113	75
2026-05-27T14:05:59.286	WT901BLE68(F3:F0:16:BF:DC:AE)	0.936	0.171	0.538	-17.517	-9.399	-32.898	18.83	-51.76	-32.34	7.320	25.813	5.787	0.87799	-0.02072	-0.47745	-0.02478	25.9	null	null	13113	75
2026-05-27T14:05:59.374	WT901BLE68(F3:F0:16:BF:DC:AE)	0.758	0.252	0.553	-46.692	-11.475	-30.579	19.65	-52.03	-38.25	7.320	25.813	5.787	0.87799	-0.02072	-0.47745	-0.02478	25.9	null	null	13113	75
2026-05-27T14:05:59.493	WT901BLE68(F3:F0:16:BF:DC:AE)	0.863	0.297	0.646	-26.611	-8.057	-19.104	19.39	-52.26	-42.74	-13.207	26.920	10.307	0.87799	-0.02072	-0.47745	-0.02478	25.9	null	null	13113	75
2026-05-27T14:05:59.557	WT901BLE68(F3:F0:16:BF:DC:AE)	0.799	0.216	0.553	-22.461	-11.963	-11.414	19.23	-52.94	-45.93	-13.207	26.920	10.307	0.87799	-0.02072	-0.47745	-0.02478	25.9	null	null	13113	75
2026-05-27T14:05:59.675	WT901BLE68(F3:F0:16:BF:DC:AE)	0.777	0.264	0.563	-3.662	-8.728	-4.822	19.48	-53.56	-48.18	-13.207	26.920	10.307	0.87799	-0.02072	-0.47745	-0.02478	25.9	null	null	13113	75
2026-05-27T14:05:59.766	WT901BLE68(F3:F0:16:BF:DC:AE)	0.771	0.241	0.596	5.249	-2.380	-0.549	20.56	-53.75	-49.44	-13.207	26.920	10.307	0.83276	-0.04379	-0.46848	-0.29156	25.9	null	null	13113	75
2026-05-27T14:05:59.887	WT901BLE68(F3:F0:16:BF:DC:AE)	0.763	0.217	0.639	11.658	10.010	15.503	20.43	-53.45	-48.57	-13.207	26.920	10.307	0.83276	-0.04379	-0.46848	-0.29156	25.9	null	null	13113	75
2026-05-27T14:05:59.976	WT901BLE68(F3:F0:16:BF:DC:AE)	0.782	0.264	0.612	10.986	10.742	21.667	18.78	-52.94	-45.02	-13.207	26.920	10.307	0.83276	-0.04379	-0.46848	-0.29156	25.9	null	null	13113	75
2026-05-27T14:06:00.096	WT901BLE68(F3:F0:16:BF:DC:AE)	0.784	0.245	0.540	16.541	-0.122	21.729	17.03	-52.88	-41.31	-13.207	26.920	10.307	0.83276	-0.04379	-0.46848	-0.29156	25.9	null	null	13113	75
2026-05-27T14:06:00.185	WT901BLE68(F3:F0:16:BF:DC:AE)	0.846	0.194	0.508	21.240	-13.672	20.264	17.53	-54.05	-38.59	-13.207	26.920	10.307	0.83276	-0.04379	-0.46848	-0.29156	25.9	null	null	13113	75
2026-05-27T14:06:00.305	WT901BLE68(F3:F0:16:BF:DC:AE)	0.824	0.132	0.531	21.240	-8.728	22.400	17.36	-55.88	-35.83	-13.207	26.920	10.307	0.83276	-0.04379	-0.46848	-0.29156	25.9	null	null	13113	75
2026-05-27T14:06:00.363	WT901BLE68(F3:F0:16:BF:DC:AE)	0.853	0.123	0.522	22.583	-2.869	18.066	16.51	-56.98	-32.44	-7.540	25.193	4.527	0.83276	-0.04379	-0.46848	-0.29156	25.9	null	null	13113	75
2026-05-27T14:06:00.486	WT901BLE68(F3:F0:16:BF:DC:AE)	0.824	0.150	0.463	2.563	-1.404	17.700	14.68	-57.55	-28.84	-7.540	25.193	4.527	0.83276	-0.04379	-0.46848	-0.29156	25.9	null	null	13113	75
2026-05-27T14:06:00.573	WT901BLE68(F3:F0:16:BF:DC:AE)	0.816	-0.010	0.557	5.493	9.338	6.165	12.32	-57.56	-26.10	-7.540	25.193	4.527	0.85907	-0.01663	-0.48904	-0.14990	25.9	null	null	13113	75
2026-05-27T14:06:00.699	WT901BLE68(F3:F0:16:BF:DC:AE)	0.817	0.135	0.650	-5.188	12.756	-1.648	11.59	-56.56	-24.58	-7.540	25.193	4.527	0.85907	-0.01663	-0.48904	-0.14990	25.9	null	null	13113	75
2026-05-27T14:06:00.787	WT901BLE68(F3:F0:16:BF:DC:AE)	0.838	0.163	0.629	-2.808	16.052	-11.047	11.90	-54.96	-24.58	-7.540	25.193	4.527	0.85907	-0.01663	-0.48904	-0.14990	25.9	null	null	13113	75
2026-05-27T14:06:00.937	WT901BLE68(F3:F0:16:BF:DC:AE)	0.708	0.103	0.587	-3.113	16.174	-22.034	12.84	-53.03	-26.49	-7.540	25.193	4.527	0.85907	-0.01663	-0.48904	-0.14990	25.9	null	null	13113	75
2026-05-27T14:06:00.963	WT901BLE68(F3:F0:16:BF:DC:AE)	0.843	0.126	0.663	-24.475	-2.258	-24.597	14.30	-51.75	-29.43	-7.540	25.193	4.527	0.85907	-0.01663	-0.48904	-0.14990	25.9	null	null	13113	75
2026-05-27T14:06:01.086	WT901BLE68(F3:F0:16:BF:DC:AE)	0.884	0.125	0.458	-35.339	-20.813	-24.292	14.91	-52.43	-33.57	-7.540	25.193	4.527	0.85907	-0.01663	-0.48904	-0.14990	25.9	null	null	13113	75
2026-05-27T14:06:01.179	WT901BLE68(F3:F0:16:BF:DC:AE)	0.802	0.180	0.570	-15.686	-12.451	-29.602	16.84	-53.67	-38.16	-7.540	25.193	4.527	0.85907	-0.01663	-0.48904	-0.14990	25.9	null	null	13113	75
2026-05-27T14:06:01.294	WT901BLE68(F3:F0:16:BF:DC:AE)	0.844	0.245	0.503	10.254	-7.568	-13.428	19.25	-54.03	-41.96	-10.180	22.953	3.267	0.85907	-0.01663	-0.48904	-0.14990	25.9	null	null	13113	75
2026-05-27T14:06:01.389	WT901BLE68(F3:F0:16:BF:DC:AE)	0.780	0.264	0.463	0.183	-10.010	-7.141	21.30	-54.46	-43.09	-10.180	22.953	3.267	0.85907	-0.01663	-0.48904	-0.14990	25.9	null	null	13113	75
2026-05-27T14:06:01.505	WT901BLE68(F3:F0:16:BF:DC:AE)	0.848	0.224	0.493	3.235	-0.977	-3.052	22.15	-55.04	-43.97	-10.180	22.953	3.267	0.84076	-0.01355	-0.48285	-0.24435	25.9	null	null	13113	75
2026-05-27T14:06:01.602	WT901BLE68(F3:F0:16:BF:DC:AE)	0.816	0.228	0.631	-1.953	3.540	4.639	22.66	-54.78	-43.47	-10.180	22.953	3.267	0.84076	-0.01355	-0.48285	-0.24435	25.9	null	null	13113	75
2026-05-27T14:06:01.714	WT901BLE68(F3:F0:16:BF:DC:AE)	0.825	0.187	0.523	-3.296	2.991	12.207	21.54	-54.55	-41.62	-10.180	22.953	3.267	0.84076	-0.01355	-0.48285	-0.24435	25.9	null	null	13113	75
2026-05-27T14:06:01.778	WT901BLE68(F3:F0:16:BF:DC:AE)	0.838	0.208	0.566	-4.333	7.263	17.883	19.45	-54.44	-38.61	-10.180	22.953	3.267	0.84076	-0.01355	-0.48285	-0.24435	25.9	null	null	13113	75
2026-05-27T14:06:01.898	WT901BLE68(F3:F0:16:BF:DC:AE)	0.875	0.221	0.544	4.211	8.362	23.987	16.69	-54.24	-34.58	-10.180	22.953	3.267	0.84076	-0.01355	-0.48285	-0.24435	25.9	null	null	13113	75
2026-05-27T14:06:01.986	WT901BLE68(F3:F0:16:BF:DC:AE)	0.838	0.180	0.520	-28.076	-7.263	23.865	13.26	-54.80	-30.18	-10.180	22.953	3.267	0.84076	-0.01355	-0.48285	-0.24435	25.9	null	null	13113	75
2026-05-27T14:06:02.108	WT901BLE68(F3:F0:16:BF:DC:AE)	0.868	0.028	0.467	-15.686	-15.381	20.081	7.92	-56.45	-26.42	-10.180	22.953	3.267	0.84076	-0.01355	-0.48285	-0.24435	25.9	null	null	13113	75
2026-05-27T14:06:02.197	WT901BLE68(F3:F0:16:BF:DC:AE)	0.869	-0.074	0.415	-8.728	-18.250	14.648	4.75	-58.45	-22.97	-3.793	18.560	0.640	0.84076	-0.01355	-0.48285	-0.24435	25.9	null	null	13113	75
2026-05-27T14:06:02.318	WT901BLE68(F3:F0:16:BF:DC:AE)	0.879	-0.006	0.551	8.240	-13.367	11.353	3.22	-60.23	-20.07	-3.793	18.560	0.640	0.84076	-0.01355	-0.48285	-0.24435	25.9	null	null	13113	75
2026-05-27T14:06:02.407	WT901BLE68(F3:F0:16:BF:DC:AE)	0.847	0.009	0.479	-2.747	-9.460	5.798	1.92	-61.35	-17.11	-3.793	18.560	0.640	0.85263	-0.06155	-0.50330	-0.12582	25.9	null	null	13113	75
2026-05-27T14:06:02.495	WT901BLE68(F3:F0:16:BF:DC:AE)	0.854	-0.037	0.494	10.437	-0.793	-1.770	1.84	-61.81	-15.37	-3.793	18.560	0.640	0.85263	-0.06155	-0.50330	-0.12582	25.9	null	null	13113	75
2026-05-27T14:06:02.589	WT901BLE68(F3:F0:16:BF:DC:AE)	0.843	0.067	0.481	14.771	4.395	-5.127	3.46	-61.52	-14.47	-3.793	18.560	0.640	0.85263	-0.06155	-0.50330	-0.12582	25.9	null	null	13113	75
2026-05-27T14:06:02.711	WT901BLE68(F3:F0:16:BF:DC:AE)	0.828	0.033	0.461	9.094	8.301	-11.780	5.55	-60.77	-14.70	-3.793	18.560	0.640	0.85263	-0.06155	-0.50330	-0.12582	25.9	null	null	13113	75
2026-05-27T14:06:02.797	WT901BLE68(F3:F0:16:BF:DC:AE)	0.832	0.021	0.466	-1.343	11.658	-21.484	8.36	-59.61	-16.47	-3.793	18.560	0.640	0.85263	-0.06155	-0.50330	-0.12582	25.9	null	null	13113	75
2026-05-27T14:06:02.918	WT901BLE68(F3:F0:16:BF:DC:AE)	0.852	-0.003	0.540	-16.113	19.043	-33.203	10.60	-57.81	-20.01	-3.793	18.560	0.640	0.85263	-0.06155	-0.50330	-0.12582	25.9	null	null	13113	75
2026-05-27T14:06:03.009	WT901BLE68(F3:F0:16:BF:DC:AE)	0.824	0.061	0.604	-23.621	8.545	-35.339	13.40	-55.87	-25.46	-3.793	18.560	0.640	0.85263	-0.06155	-0.50330	-0.12582	25.9	null	null	13113	75
2026-05-27T14:06:03.127	WT901BLE68(F3:F0:16:BF:DC:AE)	0.808	0.222	0.508	-46.936	-5.432	-33.325	13.45	-55.22	-30.43	-6.727	20.733	-0.253	0.85263	-0.06155	-0.50330	-0.12582	25.9	null	null	13113	75
2026-05-27T14:06:03.187	WT901BLE68(F3:F0:16:BF:DC:AE)	0.806	0.147	0.546	-14.893	-5.066	-36.987	15.47	-54.98	-36.44	-6.727	20.733	-0.253	0.85263	-0.06155	-0.50330	-0.12582	25.9	null	null	13113	75
2026-05-27T14:06:03.338	WT901BLE68(F3:F0:16:BF:DC:AE)	0.808	0.262	0.580	24.780	-2.502	-27.893	20.78	-54.35	-41.52	-6.727	20.733	-0.253	0.85059	-0.02353	-0.47372	-0.22675	25.9	null	null	13113	75
2026-05-27T14:06:03.395	WT901BLE68(F3:F0:16:BF:DC:AE)	0.828	0.258	0.600	23.987	-0.183	-8.789	24.58	-53.79	-43.75	-6.727	20.733	-0.253	0.85059	-0.02353	-0.47372	-0.22675	25.9	null	null	13113	75
2026-05-27T14:06:03.521	WT901BLE68(F3:F0:16:BF:DC:AE)	0.782	0.269	0.487	6.226	-5.615	-0.305	25.99	-54.02	-43.55	-6.727	20.733	-0.253	0.85059	-0.02353	-0.47372	-0.22675	25.9	null	null	13113	75
2026-05-27T14:06:03.637	WT901BLE68(F3:F0:16:BF:DC:AE)	0.783	0.247	0.513	6.470	4.028	8.972	26.27	-54.12	-42.46	-6.727	20.733	-0.253	0.85059	-0.02353	-0.47372	-0.22675	25.9	null	null	13113	75
2026-05-27T14:06:03.730	WT901BLE68(F3:F0:16:BF:DC:AE)	0.766	0.233	0.657	18.860	13.916	13.000	25.44	-53.59	-39.00	-6.727	20.733	-0.253	0.85059	-0.02353	-0.47372	-0.22675	25.9	null	null	13113	75
2026-05-27T14:06:03.785	WT901BLE68(F3:F0:16:BF:DC:AE)	0.753	0.252	0.506	3.845	7.080	17.517	24.00	-53.31	-35.19	-6.727	20.733	-0.253	0.85059	-0.02353	-0.47372	-0.22675	25.9	null	null	13113	75
2026-05-27T14:06:03.910	WT901BLE68(F3:F0:16:BF:DC:AE)	0.757	0.247	0.639	-0.732	13.245	28.503	20.35	-53.21	-30.27	-6.727	20.733	-0.253	0.85059	-0.02353	-0.47372	-0.22675	25.9	null	null	13113	75
2026-05-27T14:06:03.996	WT901BLE68(F3:F0:16:BF:DC:AE)	0.800	0.150	0.592	7.690	8.240	39.917	15.47	-53.14	-23.54	-7.007	22.280	-3.080	0.85059	-0.02353	-0.47372	-0.22675	25.9	null	null	13113	75
2026-05-27T14:06:04.115	WT901BLE68(F3:F0:16:BF:DC:AE)	0.894	0.208	0.545	-9.827	-13.794	45.105	10.07	-54.52	-16.12	-7.007	22.280	-3.080	0.85059	-0.02353	-0.47372	-0.22675	25.9	null	null	13113	75
2026-05-27T14:06:04.207	WT901BLE68(F3:F0:16:BF:DC:AE)	0.883	0.024	0.371	9.583	-10.132	28.442	5.66	-56.41	-9.87	-7.007	22.280	-3.080	0.88123	0.00586	-0.46719	-0.07077	25.9	null	null	13113	75
2026-05-27T14:06:04.327	WT901BLE68(F3:F0:16:BF:DC:AE)	0.853	0.032	0.487	11.780	-8.728	10.925	5.32	-57.51	-6.47	-7.007	22.280	-3.080	0.88123	0.00586	-0.46719	-0.07077	25.9	null	null	13113	75
2026-05-27T14:06:04.416	WT901BLE68(F3:F0:16:BF:DC:AE)	0.877	-0.025	0.469	0.549	-9.583	13.245	3.69	-58.84	-3.06	-7.007	22.280	-3.080	0.88123	0.00586	-0.46719	-0.07077	25.9	null	null	13113	75
2026-05-27T14:06:04.541	WT901BLE68(F3:F0:16:BF:DC:AE)	0.833	-0.035	0.501	12.573	1.343	0.793	3.16	-59.37	-0.68	-7.007	22.280	-3.080	0.88123	0.00586	-0.46719	-0.07077	25.9	null	null	13113	75
2026-05-27T14:06:04.597	WT901BLE68(F3:F0:16:BF:DC:AE)	0.867	0.003	0.563	-10.620	1.282	0.000	2.54	-59.32	1.37	-7.007	22.280	-3.080	0.88123	0.00586	-0.46719	-0.07077	25.9	null	null	13113	75
2026-05-27T14:06:04.721	WT901BLE68(F3:F0:16:BF:DC:AE)	0.868	0.017	0.527	-0.488	1.404	-4.028	2.59	-58.95	1.96	-7.007	22.280	-3.080	0.88123	0.00586	-0.46719	-0.07077	25.9	null	null	13113	75
2026-05-27T14:06:04.809	WT901BLE68(F3:F0:16:BF:DC:AE)	0.817	0.067	0.577	-9.338	3.967	-14.404	3.57	-58.55	1.59	-7.007	22.280	-3.080	0.88123	0.00586	-0.46719	-0.07077	25.9	null	null	13113	75
2026-05-27T14:06:04.928	WT901BLE68(F3:F0:16:BF:DC:AE)	0.813	-0.014	0.621	-11.780	8.606	-24.536	4.80	-57.76	-0.99	1.893	16.553	-6.713	0.88123	0.00586	-0.46719	-0.07077	25.9	null	null	13113	75
2026-05-27T14:06:05.016	WT901BLE68(F3:F0:16:BF:DC:AE)	0.869	0.108	0.608	-15.076	-4.517	-27.893	7.88	-57.08	-4.82	1.893	16.553	-6.713	0.88123	0.00586	-0.46719	-0.07077	25.9	null	null	13113	75
2026-05-27T14:06:05.140	WT901BLE68(F3:F0:16:BF:DC:AE)	0.829	0.124	0.544	0.916	-6.470	-28.564	11.48	-56.93	-9.16	1.893	16.553	-6.713	0.87625	0.04462	-0.47940	-0.01675	25.9	null	null	13113	75
2026-05-27T14:06:05.197	WT901BLE68(F3:F0:16:BF:DC:AE)	0.852	0.179	0.502	12.878	0.732	-26.306	16.89	-56.37	-13.36	1.893	16.553	-6.713	0.87625	0.04462	-0.47940	-0.01675	25.9	null	null	13113	75
2026-05-27T14:06:05.381	WT901BLE68(F3:F0:16:BF:DC:AE)	0.848	0.245	0.500	7.507	6.958	-20.996	20.46	-55.45	-16.48	1.893	16.553	-6.713	0.87625	0.04462	-0.47940	-0.01675	25.9	null	null	13113	75
2026-05-27T14:06:05.406	WT901BLE68(F3:F0:16:BF:DC:AE)	0.831	0.317	0.511	4.272	0.122	-10.254	22.94	-54.54	-18.39	1.893	16.553	-6.713	0.87625	0.04462	-0.47940	-0.01675	25.9	null	null	13113	75
2026-05-27T14:06:05.526	WT901BLE68(F3:F0:16:BF:DC:AE)	0.810	0.287	0.450	-9.399	-7.446	-7.874	24.21	-54.90	-19.74	1.893	16.553	-6.713	0.87625	0.04462	-0.47940	-0.01675	25.9	null	null	13113	75
2026-05-27T14:06:05.615	WT901BLE68(F3:F0:16:BF:DC:AE)	0.822	0.199	0.603	5.615	3.418	-2.686	25.00	-55.13	-20.74	1.893	16.553	-6.713	0.87625	0.04462	-0.47940	-0.01675	25.9	null	null	13113	75
2026-05-27T14:06:05.739	WT901BLE68(F3:F0:16:BF:DC:AE)	0.767	0.234	0.534	7.141	5.127	7.751	24.96	-54.83	-19.97	1.893	16.553	-6.713	0.87625	0.04462	-0.47940	-0.01675	25.9	null	null	13113	75
2026-05-27T14:06:05.795	WT901BLE68(F3:F0:16:BF:DC:AE)	0.830	0.247	0.620	-2.014	8.484	21.057	22.80	-54.68	-16.86	-5.053	23.127	-6.220	0.87625	0.04462	-0.47940	-0.01675	25.9	null	null	13113	75
2026-05-27T14:06:05.948	WT901BLE68(F3:F0:16:BF:DC:AE)	0.876	0.195	0.542	-10.559	10.010	32.654	18.75	-54.45	-12.13	-5.053	23.127	-6.220	0.87625	0.04462	-0.47940	-0.01675	25.9	null	null	13113	75
2026-05-27T14:06:06.005	WT901BLE68(F3:F0:16:BF:DC:AE)	0.910	0.196	0.512	-7.751	-7.813	26.062	14.22	-55.07	-6.63	-5.053	23.127	-6.220	0.88223	0.08862	-0.46228	-0.00421	25.9	null	null	13113	75
2026-05-27T14:06:06.130	WT901BLE68(F3:F0:16:BF:DC:AE)	0.798	0.121	0.397	1.953	-14.343	18.066	11.13	-56.91	-3.07	-5.053	23.127	-6.220	0.88223	0.08862	-0.46228	-0.00421	25.9	null	null	13113	75
2026-05-27T14:06:06.277	WT901BLE68(F3:F0:16:BF:DC:AE)	0.869	0.145	0.557	17.517	-9.705	12.573	11.22	-58.29	-0.25	-5.053	23.127	-6.220	0.88223	0.08862	-0.46228	-0.00421	25.9	null	null	13113	75
2026-05-27T14:06:06.335	WT901BLE68(F3:F0:16:BF:DC:AE)	0.817	0.077	0.505	-9.277	-13.062	16.357	9.86	-59.70	2.79	-5.053	23.127	-6.220	0.88223	0.08862	-0.46228	-0.00421	25.9	null	null	13113	75
2026-05-27T14:06:06.429	WT901BLE68(F3:F0:16:BF:DC:AE)	0.897	0.023	0.480	-9.155	-5.615	10.315	6.11	-60.83	6.46	-5.053	23.127	-6.220	0.88223	0.08862	-0.46228	-0.00421	25.9	null	null	13113	75
2026-05-27T14:06:06.550	WT901BLE68(F3:F0:16:BF:DC:AE)	0.850	0.024	0.516	-1.648	0.977	4.456	4.93	-60.84	8.77	-5.053	23.127	-6.220	0.88223	0.08862	-0.46228	-0.00421	25.9	null	null	13113	75
2026-05-27T14:06:06.605	WT901BLE68(F3:F0:16:BF:DC:AE)	0.817	0.071	0.472	-5.859	2.197	-7.874	4.63	-60.53	9.58	-5.053	23.127	-6.220	0.88223	0.08862	-0.46228	-0.00421	25.9	null	null	13113	75
2026-05-27T14:06:06.728	WT901BLE68(F3:F0:16:BF:DC:AE)	0.954	-0.101	0.665	-23.865	9.705	-7.507	4.95	-59.85	8.80	3.907	15.500	-8.340	0.88223	0.08862	-0.46228	-0.00421	25.9	null	null	13113	75
2026-05-27T14:06:06.817	WT901BLE68(F3:F0:16:BF:DC:AE)	0.812	0.016	0.585	-37.292	4.822	-12.085	1.45	-59.95	8.92	3.907	15.500	-8.340	0.88223	0.08862	-0.46228	-0.00421	25.9	null	null	13113	75
2026-05-27T14:06:06.937	WT901BLE68(F3:F0:16:BF:DC:AE)	0.875	0.012	0.595	-32.227	12.329	-24.475	1.07	-58.81	6.27	3.907	15.500	-8.340	0.86591	0.04166	-0.49423	0.06412	25.9	null	null	13113	75
2026-05-27T14:06:07.029	WT901BLE68(F3:F0:16:BF:DC:AE)	0.900	0.118	0.492	-17.090	11.536	-21.362	2.86	-57.29	2.02	3.907	15.500	-8.340	0.86591	0.04166	-0.49423	0.06412	25.9	null	null	13113	75
2026-05-27T14:06:07.150	WT901BLE68(F3:F0:16:BF:DC:AE)	0.863	0.098	0.498	-16.968	2.747	-19.348	4.79	-56.44	-1.61	3.907	15.500	-8.340	0.86591	0.04166	-0.49423	0.06412	25.9	null	null	13113	75
2026-05-27T14:06:07.270	WT901BLE68(F3:F0:16:BF:DC:AE)	0.849	0.126	0.473	-20.630	2.563	-16.174	6.17	-56.03	-5.42	3.907	15.500	-8.340	0.86591	0.04166	-0.49423	0.06412	25.9	null	null	13113	75
2026-05-27T14:06:07.356	WT901BLE68(F3:F0:16:BF:DC:AE)	0.812	0.136	0.604	-24.536	0.488	-10.986	6.62	-55.98	-7.78	3.907	15.500	-8.340	0.86591	0.04166	-0.49423	0.06412	25.9	null	null	13113	75
2026-05-27T14:06:07.419	WT901BLE68(F3:F0:16:BF:DC:AE)	0.811	0.106	0.624	-24.597	4.944	-4.578	5.25	-55.79	-9.59	3.907	15.500	-8.340	0.86591	0.04166	-0.49423	0.06412	25.9	null	null	13113	75
2026-05-27T14:06:07.538	WT901BLE68(F3:F0:16:BF:DC:AE)	0.801	0.079	0.646	-22.522	5.310	1.770	3.35	-55.22	-10.28	3.907	15.500	-8.340	0.86591	0.04166	-0.49423	0.06412	25.9	null	null	13113	75
2026-05-27T14:06:07.626	WT901BLE68(F3:F0:16:BF:DC:AE)	0.809	0.063	0.512	-9.766	3.540	7.202	1.12	-54.80	-10.16	-2.287	11.980	3.227	0.86591	0.04166	-0.49423	0.06412	25.9	null	null	13113	75
2026-05-27T14:06:07.749	WT901BLE68(F3:F0:16:BF:DC:AE)	0.847	0.027	0.638	2.075	4.089	9.827	-0.25	-54.47	-9.77	-2.287	11.980	3.227	0.86591	0.04166	-0.49423	0.06412	25.9	null	null	13113	75
2026-05-27T14:06:07.838	WT901BLE68(F3:F0:16:BF:DC:AE)	0.834	0.076	0.639	3.052	-3.540	12.085	-1.76	-54.28	-8.61	-2.287	11.980	3.227	0.88687	-0.04636	-0.45346	-0.07477	25.9	null	null	13113	75
2026-05-27T14:06:07.957	WT901BLE68(F3:F0:16:BF:DC:AE)	0.885	-0.036	0.577	-15.503	-15.320	8.240	-3.76	-55.40	-7.87	-2.287	11.980	3.227	0.88687	-0.04636	-0.45346	-0.07477	25.9	null	null	13113	75
2026-05-27T14:06:08.049	WT901BLE68(F3:F0:16:BF:DC:AE)	0.816	-0.065	0.511	1.709	-2.930	7.813	-4.90	-56.38	-6.63	-2.287	11.980	3.227	0.88687	-0.04636	-0.45346	-0.07477	25.9	null	null	13113	75
2026-05-27T14:06:08.138	WT901BLE68(F3:F0:16:BF:DC:AE)	0.822	-0.062	0.683	-15.686	3.296	0.610	-6.39	-56.38	-6.41	-2.287	11.980	3.227	0.88687	-0.04636	-0.45346	-0.07477	25.9	null	null	13113	75
2026-05-27T14:06:08.227	WT901BLE68(F3:F0:16:BF:DC:AE)	0.850	-0.081	0.475	-25.757	2.502	1.709	-9.14	-56.00	-6.59	-2.287	11.980	3.227	0.88687	-0.04636	-0.45346	-0.07477	25.9	null	null	13113	75
2026-05-27T14:06:08.346	WT901BLE68(F3:F0:16:BF:DC:AE)	0.841	-0.033	0.583	-15.381	1.343	-10.498	-9.96	-55.95	-8.76	-2.287	11.980	3.227	0.88687	-0.04636	-0.45346	-0.07477	25.9	null	null	13113	75
2026-05-27T14:06:08.439	WT901BLE68(F3:F0:16:BF:DC:AE)	0.759	-0.122	0.485	-19.958	4.395	-14.893	-9.64	-55.83	-12.79	-2.287	11.980	3.227	0.88687	-0.04636	-0.45346	-0.07477	25.9	null	null	13113	75
2026-05-27T14:06:08.555	WT901BLE68(F3:F0:16:BF:DC:AE)	0.823	-0.139	0.587	-28.625	11.780	-18.982	-9.33	-55.32	-17.44	0.867	4.507	7.120	0.88687	-0.04636	-0.45346	-0.07477	25.9	null	null	13113	75
2026-05-27T14:06:08.649	WT901BLE68(F3:F0:16:BF:DC:AE)	0.800	-0.108	0.625	-21.301	13.184	-24.170	-8.24	-54.24	-23.52	0.867	4.507	7.120	0.88687	-0.04636	-0.45346	-0.07477	25.9	null	null	13113	75
2026-05-27T14:06:08.768	WT901BLE68(F3:F0:16:BF:DC:AE)	0.840	-0.097	0.593	-11.108	10.620	-28.381	-6.37	-53.18	-30.00	0.867	4.507	7.120	0.86038	-0.15909	-0.42624	-0.22943	25.9	null	null	13113	75
2026-05-27T14:06:08.828	WT901BLE68(F3:F0:16:BF:DC:AE)	0.796	-0.018	0.500	-20.508	0.610	-33.569	-3.75	-52.93	-37.32	0.867	4.507	7.120	0.86038	-0.15909	-0.42624	-0.22943	25.9	null	null	13113	75
2026-05-27T14:06:08.977	WT901BLE68(F3:F0:16:BF:DC:AE)	0.806	-0.097	0.494	-18.311	-2.625	-28.870	-1.04	-53.28	-44.24	0.867	4.507	7.120	0.86038	-0.15909	-0.42624	-0.22943	25.9	null	null	13113	75
2026-05-27T14:06:09.038	WT901BLE68(F3:F0:16:BF:DC:AE)	0.817	0.035	0.488	-29.114	-2.197	-31.372	0.16	-53.78	-50.49	0.867	4.507	7.120	0.86038	-0.15909	-0.42624	-0.22943	25.9	null	null	13113	75
2026-05-27T14:06:09.159	WT901BLE68(F3:F0:16:BF:DC:AE)	0.924	0.080	0.636	-28.564	-4.578	-25.696	1.44	-54.07	-56.75	0.867	4.507	7.120	0.86038	-0.15909	-0.42624	-0.22943	25.9	null	null	13113	75
2026-05-27T14:06:09.246	WT901BLE68(F3:F0:16:BF:DC:AE)	0.878	0.007	0.478	-20.874	-2.197	-23.865	2.73	-54.51	-62.01	0.867	4.507	7.120	0.86038	-0.15909	-0.42624	-0.22943	25.9	null	null	13113	75
2026-05-27T14:06:09.372	WT901BLE68(F3:F0:16:BF:DC:AE)	0.792	-0.009	0.413	-23.071	-4.883	-21.667	3.47	-54.90	-67.10	0.867	4.507	7.120	0.86038	-0.15909	-0.42624	-0.22943	25.9	null	null	13113	75
2026-05-27T14:06:09.427	WT901BLE68(F3:F0:16:BF:DC:AE)	0.828	0.040	0.587	-28.259	-1.770	-14.465	3.39	-55.25	-71.04	-5.247	1.587	15.527	0.86038	-0.15909	-0.42624	-0.22943	25.9	null	null	13113	75
2026-05-27T14:06:09.544	WT901BLE68(F3:F0:16:BF:DC:AE)	0.828	0.042	0.562	-17.883	-2.319	-6.897	2.64	-55.51	-73.54	-5.247	1.587	15.527	0.86038	-0.15909	-0.42624	-0.22943	25.9	null	null	13113	75
2026-05-27T14:06:09.643	WT901BLE68(F3:F0:16:BF:DC:AE)	0.807	-0.001	0.625	-9.766	-1.648	-4.883	2.26	-55.81	-75.63	-5.247	1.587	15.527	0.71133	-0.26593	-0.38370	-0.52530	25.9	null	null	13113	75
2026-05-27T14:06:09.757	WT901BLE68(F3:F0:16:BF:DC:AE)	0.872	0.110	0.627	-22.156	2.380	-2.441	0.90	-55.75	-77.52	-5.247	1.587	15.527	0.71133	-0.26593	-0.38370	-0.52530	25.9	null	null	13113	75
2026-05-27T14:06:09.845	WT901BLE68(F3:F0:16:BF:DC:AE)	0.849	0.071	0.577	-7.385	-4.272	5.371	-0.40	-55.66	-78.65	-5.247	1.587	15.527	0.71133	-0.26593	-0.38370	-0.52530	25.9	null	null	13113	75
2026-05-27T14:06:09.971	WT901BLE68(F3:F0:16:BF:DC:AE)	0.845	-0.050	0.521	-17.578	-20.325	7.568	-2.20	-57.23	-79.29	-5.247	1.587	15.527	0.71133	-0.26593	-0.38370	-0.52530	25.9	null	null	13113	75
2026-05-27T14:06:10.056	WT901BLE68(F3:F0:16:BF:DC:AE)	0.795	-0.157	0.674	-78.125	-12.695	7.568	-6.98	-58.57	-79.51	-5.247	1.587	15.527	0.71133	-0.26593	-0.38370	-0.52530	25.9	null	null	13113	75
2026-05-27T14:06:10.209	WT901BLE68(F3:F0:16:BF:DC:AE)	0.821	-0.073	0.441	-63.354	-1.221	-3.174	-15.68	-58.77	-81.50	-5.247	1.587	15.527	0.71133	-0.26593	-0.38370	-0.52530	25.9	null	null	13113	75
2026-05-27T14:06:10.236	WT901BLE68(F3:F0:16:BF:DC:AE)	0.850	-0.290	0.548	-58.838	4.395	-9.399	-19.45	-58.92	-85.37	-5.247	1.587	15.527	0.71133	-0.26593	-0.38370	-0.52530	25.9	null	null	13113	75
2026-05-27T14:06:10.354	WT901BLE68(F3:F0:16:BF:DC:AE)	0.798	-0.206	0.389	-85.999	11.353	-16.724	-24.49	-58.36	-90.99	-2.207	-18.327	14.120	0.71133	-0.26593	-0.38370	-0.52530	25.9	null	null	13113	75
2026-05-27T14:06:10.446	WT901BLE68(F3:F0:16:BF:DC:AE)	0.930	-0.281	0.535	-81.177	17.334	-11.719	-28.73	-57.74	-96.15	-2.207	-18.327	14.120	0.71133	-0.26593	-0.38370	-0.52530	25.9	null	null	13113	75
2026-05-27T14:06:10.633	WT901BLE68(F3:F0:16:BF:DC:AE)	0.809	-0.234	0.496	-84.351	23.804	-10.498	-34.13	-56.55	-102.13	-2.207	-18.327	14.120	0.44519	-0.50671	-0.11322	-0.72946	25.9	null	null	13113	75
2026-05-27T14:06:10.656	WT901BLE68(F3:F0:16:BF:DC:AE)	0.784	-0.265	0.503	-77.576	27.344	-16.418	-38.69	-55.30	-107.89	-2.207	-18.327	14.120	0.44519	-0.50671	-0.11322	-0.72946	25.9	null	null	13113	75
2026-05-27T14:06:10.779	WT901BLE68(F3:F0:16:BF:DC:AE)	0.876	-0.328	0.453	-39.551	32.043	-12.756	-41.02	-53.87	-114.15	-2.207	-18.327	14.120	0.44519	-0.50671	-0.11322	-0.72946	25.9	null	null	13113	75
2026-05-27T14:06:10.837	WT901BLE68(F3:F0:16:BF:DC:AE)	0.862	-0.216	0.445	-44.800	32.104	-25.879	-40.35	-52.95	-120.99	-2.207	-18.327	14.120	0.44519	-0.50671	-0.11322	-0.72946	25.9	null	null	13113	75
2026-05-27T14:06:10.991	WT901BLE68(F3:F0:16:BF:DC:AE)	0.852	-0.389	0.403	-36.743	27.649	-27.771	-38.52	-52.62	-128.13	-2.207	-18.327	14.120	0.44519	-0.50671	-0.11322	-0.72946	25.9	null	null	13113	75
2026-05-27T14:06:11.049	WT901BLE68(F3:F0:16:BF:DC:AE)	0.863	-0.335	0.479	-51.758	31.128	-21.301	-37.42	-52.22	-134.69	-2.207	-18.327	14.120	0.44519	-0.50671	-0.11322	-0.72946	25.9	null	null	13113	75
2026-05-27T14:06:11.169	WT901BLE68(F3:F0:16:BF:DC:AE)	0.850	-0.261	0.540	-35.217	32.043	-21.729	-37.41	-51.38	-140.71	-2.207	-18.327	14.120	0.44519	-0.50671	-0.11322	-0.72946	25.9	null	null	13113	75
2026-05-27T14:06:11.256	WT901BLE68(F3:F0:16:BF:DC:AE)	0.835	-0.320	0.441	-31.311	25.330	-25.085	-35.32	-50.72	-146.40	-6.920	-39.393	4.867	0.44519	-0.50671	-0.11322	-0.72946	25.9	null	null	13113	75
2026-05-27T14:06:11.377	WT901BLE68(F3:F0:16:BF:DC:AE)	0.809	-0.228	0.504	-26.245	22.400	-26.062	-33.10	-50.51	-151.48	-6.920	-39.393	4.867	0.44519	-0.50671	-0.11322	-0.72946	25.9	null	null	13113	75
2026-05-27T14:06:11.434	WT901BLE68(F3:F0:16:BF:DC:AE)	0.815	-0.347	0.530	-27.588	19.287	-24.963	-31.79	-50.42	-155.93	-6.920	-39.393	4.867	0.08142	-0.45563	0.15274	-0.87311	25.9	null	null	13113	75
2026-05-27T14:06:11.588	WT901BLE68(F3:F0:16:BF:DC:AE)	0.844	-0.327	0.501	-18.799	17.334	-21.484	-30.20	-50.23	-159.80	-6.920	-39.393	4.867	0.08142	-0.45563	0.15274	-0.87311	25.9	null	null	13113	75
2026-05-27T14:06:11.648	WT901BLE68(F3:F0:16:BF:DC:AE)	0.803	-0.337	0.540	-16.846	10.925	-18.738	-28.86	-50.28	-162.79	-6.920	-39.393	4.867	0.08142	-0.45563	0.15274	-0.87311	25.9	null	null	13113	75
2026-05-27T14:06:11.768	WT901BLE68(F3:F0:16:BF:DC:AE)	0.773	-0.366	0.529	-17.822	3.479	-14.465	-28.98	-50.70	-164.61	-6.920	-39.393	4.867	0.08142	-0.45563	0.15274	-0.87311	25.9	null	null	13113	75
2026-05-27T14:06:11.860	WT901BLE68(F3:F0:16:BF:DC:AE)	0.808	-0.291	0.474	-28.503	-6.348	-8.789	-30.09	-51.38	-164.87	-6.920	-39.393	4.867	0.08142	-0.45563	0.15274	-0.87311	25.9	null	null	13113	75
2026-05-27T14:06:11.975	WT901BLE68(F3:F0:16:BF:DC:AE)	0.809	-0.289	0.445	-23.071	-5.188	-10.803	-32.47	-52.68	-164.36	-6.920	-39.393	4.867	0.08142	-0.45563	0.15274	-0.87311	25.9	null	null	13113	75
2026-05-27T14:06:12.067	WT901BLE68(F3:F0:16:BF:DC:AE)	0.825	-0.244	0.557	5.188	2.136	-13.123	-31.93	-53.47	-164.81	-6.920	-39.393	4.867	0.08142	-0.45563	0.15274	-0.87311	25.9	null	null	13113	75
2026-05-27T14:06:12.188	WT901BLE68(F3:F0:16:BF:DC:AE)	0.783	-0.229	0.444	2.014	5.676	-22.400	-29.41	-53.99	-167.35	-6.207	-40.427	-0.253	0.08142	-0.45563	0.15274	-0.87311	25.9	null	null	13113	75
2026-05-27T14:06:12.276	WT901BLE68(F3:F0:16:BF:DC:AE)	0.786	-0.287	0.469	16.968	6.775	-23.499	-25.83	-54.50	-170.02	-6.207	-40.427	-0.253	0.08142	-0.45563	0.15274	-0.87311	25.9	null	null	13113	75
2026-05-27T14:06:12.365	WT901BLE68(F3:F0:16:BF:DC:AE)	0.831	-0.310	0.526	-25.635	5.249	-21.667	-24.15	-55.14	-172.72	-6.207	-40.427	-0.253	-0.03119	-0.46292	0.15338	-0.87241	25.9	null	null	13113	75
2026-05-27T14:06:12.461	WT901BLE68(F3:F0:16:BF:DC:AE)	0.798	-0.196	0.542	-29.358	8.240	-23.987	-23.89	-55.38	-175.47	-6.207	-40.427	-0.253	-0.03119	-0.46292	0.15338	-0.87241	25.9	null	null	13113	75
2026-05-27T14:06:12.579	WT901BLE68(F3:F0:16:BF:DC:AE)	0.820	-0.172	0.613	-10.925	19.470	-23.376	-21.93	-55.03	-178.84	-6.207	-40.427	-0.253	-0.03119	-0.46292	0.15338	-0.87241	25.9	null	null	13113	75
2026-05-27T14:06:12.667	WT901BLE68(F3:F0:16:BF:DC:AE)	0.847	-0.203	0.668	-28.564	27.161	-27.954	-18.97	-53.76	176.72	-6.207	-40.427	-0.253	-0.03119	-0.46292	0.15338	-0.87241	25.9	null	null	13113	75
2026-05-27T14:06:12.790	WT901BLE68(F3:F0:16:BF:DC:AE)	0.839	-0.118	0.415	-42.969	15.259	-34.485	-18.27	-52.57	171.66	-6.207	-40.427	-0.253	-0.03119	-0.46292	0.15338	-0.87241	25.9	null	null	13113	75
2026-05-27T14:06:12.878	WT901BLE68(F3:F0:16:BF:DC:AE)	0.824	-0.076	0.460	-50.781	8.972	-38.391	-17.95	-52.96	166.30	-6.207	-40.427	-0.253	-0.03119	-0.46292	0.15338	-0.87241	25.9	null	null	13113	75
2026-05-27T14:06:12.997	WT901BLE68(F3:F0:16:BF:DC:AE)	0.845	-0.156	0.610	-28.748	16.846	-28.931	-16.00	-52.86	161.32	-6.207	-40.427	-0.253	-0.03119	-0.46292	0.15338	-0.87241	25.9	null	null	13113	75
2026-05-27T14:06:13.055	WT901BLE68(F3:F0:16:BF:DC:AE)	0.816	-0.147	0.541	-30.396	8.118	-17.456	-15.34	-52.40	158.87	-1.467	-38.067	-5.607	-0.03119	-0.46292	0.15338	-0.87241	25.9	null	null	13113	75
2026-05-27T14:06:13.179	WT901BLE68(F3:F0:16:BF:DC:AE)	0.813	-0.144	0.572	-24.048	5.127	-20.508	-15.77	-52.57	156.85	-1.467	-38.067	-5.607	-0.03119	-0.46292	0.15338	-0.87241	25.9	null	null	13113	75
2026-05-27T14:06:13.266	WT901BLE68(F3:F0:16:BF:DC:AE)	0.821	-0.115	0.589	-4.028	0.854	-10.864	-15.27	-52.95	155.75	-1.467	-38.067	-5.607	-0.24210	-0.40494	0.20993	-0.85629	25.9	null	null	13113	75
2026-05-27T14:06:13.421	WT901BLE68(F3:F0:16:BF:DC:AE)	0.795	-0.086	0.690	7.751	8.789	-8.728	-13.46	-52.81	155.82	-1.467	-38.067	-5.607	-0.24210	-0.40494	0.20993	-0.85629	25.9	null	null	13113	75
2026-05-27T14:06:13.475	WT901BLE68(F3:F0:16:BF:DC:AE)	0.747	-0.211	0.708	4.761	6.470	-9.460	-11.42	-52.36	155.39	-1.467	-38.067	-5.607	-0.24210	-0.40494	0.20993	-0.85629	25.9	null	null	13113	75
2026-05-27T14:06:13.600	WT901BLE68(F3:F0:16:BF:DC:AE)	0.764	-0.105	0.602	17.578	1.099	1.343	-9.67	-51.96	156.53	-1.467	-38.067	-5.607	-0.24210	-0.40494	0.20993	-0.85629	25.9	null	null	13113	75
2026-05-27T14:06:13.687	WT901BLE68(F3:F0:16:BF:DC:AE)	0.842	-0.051	0.595	7.446	-4.028	-6.287	-8.03	-51.86	157.83	-1.467	-38.067	-5.607	-0.24210	-0.40494	0.20993	-0.85629	25.9	null	null	13113	75
2026-05-27T14:06:13.776	WT901BLE68(F3:F0:16:BF:DC:AE)	0.896	-0.074	0.632	15.442	-16.479	5.920	-6.56	-53.34	159.15	-1.467	-38.067	-5.607	-0.24210	-0.40494	0.20993	-0.85629	25.9	null	null	13113	75
2026-05-27T14:06:13.879	WT901BLE68(F3:F0:16:BF:DC:AE)	0.825	0.026	0.472	20.996	-4.150	7.263	-4.64	-54.37	161.45	-1.467	-38.067	-5.607	-0.24210	-0.40494	0.20993	-0.85629	25.9	null	null	13113	75
2026-05-27T14:06:13.986	WT901BLE68(F3:F0:16:BF:DC:AE)	0.825	0.001	0.542	64.026	-5.188	-1.160	0.52	-54.83	162.48	1.727	-34.893	-6.980	-0.24210	-0.40494	0.20993	-0.85629	25.9	null	null	13113	75
2026-05-27T14:06:14.079	WT901BLE68(F3:F0:16:BF:DC:AE)	0.771	0.074	0.595	5.493	-3.540	0.305	4.22	-55.04	162.64	1.727	-34.893	-6.980	-0.24210	-0.40494	0.20993	-0.85629	25.9	null	null	13113	75
2026-05-27T14:06:14.196	WT901BLE68(F3:F0:16:BF:DC:AE)	0.841	0.029	0.588	10.132	-0.610	-5.249	4.99	-55.21	162.36	1.727	-34.893	-6.980	-0.11584	-0.46201	0.03595	-0.87848	25.9	null	null	13113	75
2026-05-27T14:06:14.289	WT901BLE68(F3:F0:16:BF:DC:AE)	0.803	0.054	0.688	-5.554	4.883	-4.761	6.11	-54.87	161.67	1.727	-34.893	-6.980	-0.11584	-0.46201	0.03595	-0.87848	25.9	null	null	13113	75
2026-05-27T14:06:14.406	WT901BLE68(F3:F0:16:BF:DC:AE)	0.771	0.178	0.609	-12.756	8.911	-8.179	5.73	-53.99	161.39	1.727	-34.893	-6.980	-0.11584	-0.46201	0.03595	-0.87848	25.9	null	null	13113	75
2026-05-27T14:06:14.469	WT901BLE68(F3:F0:16:BF:DC:AE)	0.804	0.042	0.634	12.512	10.498	-8.362	6.66	-52.90	160.62	1.727	-34.893	-6.980	-0.11584	-0.46201	0.03595	-0.87848	25.9	null	null	13113	75
2026-05-27T14:06:14.619	WT901BLE68(F3:F0:16:BF:DC:AE)	0.852	0.196	0.652	13.977	2.747	-8.423	8.87	-51.95	159.61	1.727	-34.893	-6.980	-0.11584	-0.46201	0.03595	-0.87848	25.9	null	null	13113	75
2026-05-27T14:06:14.678	WT901BLE68(F3:F0:16:BF:DC:AE)	0.813	0.090	0.629	10.620	-9.644	-4.700	11.72	-52.01	158.38	1.727	-34.893	-6.980	-0.11584	-0.46201	0.03595	-0.87848	25.9	null	null	13113	75
2026-05-27T14:06:14.798	WT901BLE68(F3:F0:16:BF:DC:AE)	0.851	0.212	0.488	-15.747	-16.418	-3.906	11.80	-53.15	157.21	1.727	-34.893	-6.980	-0.11584	-0.46201	0.03595	-0.87848	25.9	null	null	13113	75
2026-05-27T14:06:14.887	WT901BLE68(F3:F0:16:BF:DC:AE)	0.827	0.073	0.501	-10.803	-15.320	1.404	13.14	-54.69	155.87	4.040	-30.060	-6.793	-0.11584	-0.46201	0.03595	-0.87848	25.9	null	null	13113	75
2026-05-27T14:06:15.009	WT901BLE68(F3:F0:16:BF:DC:AE)	0.753	0.215	0.493	6.042	-7.629	2.380	12.88	-56.03	155.68	4.040	-30.060	-6.793	-0.11584	-0.46201	0.03595	-0.87848	25.9	null	null	13113	75
2026-05-27T14:06:15.066	WT901BLE68(F3:F0:16:BF:DC:AE)	0.841	0.086	0.595	3.967	5.676	7.690	12.53	-56.07	155.65	4.040	-30.060	-6.793	-0.13571	-0.47836	0.00449	-0.86752	25.9	null	null	13113	75
2026-05-27T14:06:15.192	WT901BLE68(F3:F0:16:BF:DC:AE)	0.854	0.154	0.567	-6.714	8.545	12.390	10.87	-55.34	157.52	4.040	-30.060	-6.793	-0.13571	-0.47836	0.00449	-0.86752	25.9	null	null	13113	75
2026-05-27T14:06:15.276	WT901BLE68(F3:F0:16:BF:DC:AE)	0.771	0.128	0.515	0.732	7.568	8.911	9.22	-54.68	159.31	4.040	-30.060	-6.793	-0.13571	-0.47836	0.00449	-0.86752	25.9	null	null	13113	75
2026-05-27T14:06:15.400	WT901BLE68(F3:F0:16:BF:DC:AE)	0.796	0.040	0.654	-0.244	9.521	13.306	7.62	-53.83	161.09	4.040	-30.060	-6.793	-0.13571	-0.47836	0.00449	-0.86752	25.9	null	null	13113	75
2026-05-27T14:06:15.486	WT901BLE68(F3:F0:16:BF:DC:AE)	0.792	0.146	0.631	5.127	-0.488	15.198	5.90	-53.55	163.33	4.040	-30.060	-6.793	-0.13571	-0.47836	0.00449	-0.86752	25.9	null	null	13113	75
2026-05-27T14:06:15.609	WT901BLE68(F3:F0:16:BF:DC:AE)	0.871	-0.045	0.515	-7.446	-16.113	16.602	3.37	-54.92	165.52	4.040	-30.060	-6.793	-0.13571	-0.47836	0.00449	-0.86752	25.9	null	null	13113	75
2026-05-27T14:06:15.697	WT901BLE68(F3:F0:16:BF:DC:AE)	0.861	0.023	0.398	2.441	-4.211	13.306	0.67	-55.97	167.77	4.040	-30.060	-6.793	-0.13571	-0.47836	0.00449	-0.86752	25.9	null	null	13113	75
2026-05-27T14:06:15.818	WT901BLE68(F3:F0:16:BF:DC:AE)	0.840	-0.012	0.584	3.784	0.549	10.681	0.36	-56.02	169.38	3.353	-34.833	-11.587	-0.13571	-0.47836	0.00449	-0.86752	25.9	null	null	13113	75
2026-05-27T14:06:15.876	WT901BLE68(F3:F0:16:BF:DC:AE)	0.802	0.021	0.496	-8.301	-1.770	3.357	-0.87	-56.22	169.71	3.353	-34.833	-11.587	-0.13571	-0.47836	0.00449	-0.86752	25.9	null	null	13113	75
2026-05-27T14:06:16.000	WT901BLE68(F3:F0:16:BF:DC:AE)	0.796	-0.082	0.576	2.808	5.554	1.282	-1.15	-55.82	169.62	3.353	-34.833	-11.587	-0.08331	-0.46747	0.05026	-0.87857	25.9	null	null	13113	75
2026-05-27T14:06:16.090	WT901BLE68(F3:F0:16:BF:DC:AE)	0.785	-0.027	0.582	9.094	9.094	-1.831	-0.32	-55.06	169.16	3.353	-34.833	-11.587	-0.08331	-0.46747	0.05026	-0.87857	25.9	null	null	13113	75
2026-05-27T14:06:16.209	WT901BLE68(F3:F0:16:BF:DC:AE)	0.778	-0.035	0.695	15.442	12.512	-6.470	1.46	-53.92	167.99	3.353	-34.833	-11.587	-0.08331	-0.46747	0.05026	-0.87857	25.9	null	null	13113	75
2026-05-27T14:06:16.296	WT901BLE68(F3:F0:16:BF:DC:AE)	0.782	0.086	0.655	9.888	13.428	-11.230	3.73	-52.40	166.49	3.353	-34.833	-11.587	-0.08331	-0.46747	0.05026	-0.87857	25.9	null	null	13113	75
2026-05-27T14:06:16.422	WT901BLE68(F3:F0:16:BF:DC:AE)	0.833	0.205	0.677	2.014	-4.517	-11.719	6.09	-51.56	163.97	3.353	-34.833	-11.587	-0.08331	-0.46747	0.05026	-0.87857	25.9	null	null	13113	75
2026-05-27T14:06:16.475	WT901BLE68(F3:F0:16:BF:DC:AE)	0.802	0.023	0.560	-3.479	-13.123	-9.338	7.47	-52.45	161.56	3.353	-34.833	-11.587	-0.08331	-0.46747	0.05026	-0.87857	25.9	null	null	13113	75
2026-05-27T14:06:16.599	WT901BLE68(F3:F0:16:BF:DC:AE)	0.838	0.163	0.623	5.310	-2.197	-11.658	8.68	-53.41	159.12	3.353	-34.833	-11.587	-0.08331	-0.46747	0.05026	-0.87857	25.9	null	null	13113	75
2026-05-27T14:06:16.685	WT901BLE68(F3:F0:16:BF:DC:AE)	0.861	0.189	0.596	1.343	-2.625	-1.831	9.89	-53.59	157.47	6.360	-31.387	-11.560	-0.08331	-0.46747	0.05026	-0.87857	25.9	null	null	13113	75
2026-05-27T14:06:16.805	WT901BLE68(F3:F0:16:BF:DC:AE)	0.798	0.048	0.513	-14.465	-6.897	-1.892	9.67	-54.00	156.28	6.360	-31.387	-11.560	-0.08331	-0.46747	0.05026	-0.87857	25.9	null	null	13113	75
2026-05-27T14:06:16.894	WT901BLE68(F3:F0:16:BF:DC:AE)	0.781	0.076	0.570	-3.235	0.061	-0.610	9.90	-54.20	154.93	6.360	-31.387	-11.560	-0.14886	-0.45963	0.02240	-0.87521	25.9	null	null	13113	75
2026-05-27T14:06:17.016	WT901BLE68(F3:F0:16:BF:DC:AE)	0.780	0.162	0.656	4.700	4.028	1.221	10.18	-53.89	154.55	6.360	-31.387	-11.560	-0.14886	-0.45963	0.02240	-0.87521	25.9	null	null	13113	75
2026-05-27T14:06:17.109	WT901BLE68(F3:F0:16:BF:DC:AE)	0.753	0.124	0.608	1.282	5.127	0.427	10.40	-53.32	154.29	6.360	-31.387	-11.560	-0.14886	-0.45963	0.02240	-0.87521	25.9	null	null	13113	75
2026-05-27T14:06:17.228	WT901BLE68(F3:F0:16:BF:DC:AE)	0.826	0.058	0.657	3.357	5.615	3.357	10.19	-52.73	154.04	6.360	-31.387	-11.560	-0.14886	-0.45963	0.02240	-0.87521	25.9	null	null	13113	75
2026-05-27T14:06:17.288	WT901BLE68(F3:F0:16:BF:DC:AE)	0.786	0.054	0.621	-5.798	-6.531	7.507	9.82	-52.51	154.40	6.360	-31.387	-11.560	-0.14886	-0.45963	0.02240	-0.87521	25.9	null	null	13113	75
2026-05-27T14:06:17.407	WT901BLE68(F3:F0:16:BF:DC:AE)	0.851	0.069	0.507	-9.766	-13.916	8.789	8.12	-53.58	154.71	6.360	-31.387	-11.560	-0.14886	-0.45963	0.02240	-0.87521	25.9	null	null	13113	75
2026-05-27T14:06:17.498	WT901BLE68(F3:F0:16:BF:DC:AE)	0.834	0.041	0.497	1.343	-7.813	4.883	7.00	-54.91	154.88	6.360	-31.387	-11.560	-0.14886	-0.45963	0.02240	-0.87521	25.9	null	null	13113	75
2026-05-27T14:06:17.618	WT901BLE68(F3:F0:16:BF:DC:AE)	0.864	0.024	0.574	23.376	1.648	3.418	7.56	-55.46	154.65	10.127	-32.087	-16.113	-0.14886	-0.45963	0.02240	-0.87521	25.9	null	null	13113	75
2026-05-27T14:06:17.707	WT901BLE68(F3:F0:16:BF:DC:AE)	0.854	0.055	0.577	12.390	0.488	5.188	8.47	-55.55	154.79	10.127	-32.087	-16.113	-0.14886	-0.45963	0.02240	-0.87521	25.9	null	null	13113	75
2026-05-27T14:06:17.829	WT901BLE68(F3:F0:16:BF:DC:AE)	0.818	0.066	0.544	5.676	3.418	2.380	8.82	-55.42	154.91	10.127	-32.087	-16.113	-0.15762	-0.46805	0.03604	-0.86871	25.9	null	null	13113	75
2026-05-27T14:06:17.887	WT901BLE68(F3:F0:16:BF:DC:AE)	0.836	0.114	0.652	5.859	1.770	-4.578	9.22	-55.43	154.08	10.127	-32.087	-16.113	-0.15762	-0.46805	0.03604	-0.86871	25.9	null	null	13113	75
2026-05-27T14:06:18.007	WT901BLE68(F3:F0:16:BF:DC:AE)	0.796	0.123	0.570	17.639	7.202	-11.292	10.83	-54.92	152.21	10.127	-32.087	-16.113	-0.15762	-0.46805	0.03604	-0.86871	25.9	null	null	13113	75
2026-05-27T14:06:18.099	WT901BLE68(F3:F0:16:BF:DC:AE)	0.764	0.174	0.591	29.297	15.503	-19.165	14.66	-53.49	149.55	10.127	-32.087	-16.113	-0.15762	-0.46805	0.03604	-0.86871	25.9	null	null	13113	75
2026-05-27T14:06:18.218	WT901BLE68(F3:F0:16:BF:DC:AE)	0.747	0.159	0.688	12.329	7.202	-21.484	18.34	-51.97	145.90	10.127	-32.087	-16.113	-0.15762	-0.46805	0.03604	-0.86871	25.9	null	null	13113	75
2026-05-27T14:06:18.309	WT901BLE68(F3:F0:16:BF:DC:AE)	0.819	0.215	0.649	15.930	-0.061	-13.672	21.06	-50.94	142.78	10.127	-32.087	-16.113	-0.15762	-0.46805	0.03604	-0.86871	25.9	null	null	13113	75
2026-05-27T14:06:18.429	WT901BLE68(F3:F0:16:BF:DC:AE)	0.780	0.300	0.535	9.705	-15.625	-8.362	23.77	-51.34	140.15	10.127	-32.087	-16.113	-0.15762	-0.46805	0.03604	-0.86871	25.9	null	null	13113	75
2026-05-27T14:06:18.485	WT901BLE68(F3:F0:16:BF:DC:AE)	0.864	0.300	0.526	11.841	-8.240	-9.338	25.90	-52.51	136.58	15.540	-25.767	-15.500	-0.15762	-0.46805	0.03604	-0.86871	25.9	null	null	13113	75
2026-05-27T14:06:18.638	WT901BLE68(F3:F0:16:BF:DC:AE)	0.854	0.252	0.561	8.972	-5.188	-1.709	28.03	-52.91	134.03	15.540	-25.767	-15.500	-0.15762	-0.46805	0.03604	-0.86871	25.9	null	null	13113	75
2026-05-27T14:06:18.695	WT901BLE68(F3:F0:16:BF:DC:AE)	0.751	0.339	0.423	2.258	-6.836	0.183	29.28	-53.38	131.96	15.540	-25.767	-15.500	-0.24466	-0.48669	-0.03079	-0.83798	25.9	null	null	13113	75
2026-05-27T14:06:18.819	WT901BLE68(F3:F0:16:BF:DC:AE)	0.798	0.312	0.523	7.324	7.324	-1.526	29.90	-53.21	130.70	15.540	-25.767	-15.500	-0.24466	-0.48669	-0.03079	-0.83798	25.9	null	null	13113	75
2026-05-27T14:06:18.907	WT901BLE68(F3:F0:16:BF:DC:AE)	0.794	0.319	0.545	1.770	6.897	3.784	29.83	-52.55	130.55	15.540	-25.767	-15.500	-0.24466	-0.48669	-0.03079	-0.83798	25.9	null	null	13113	75
2026-05-27T14:06:19.027	WT901BLE68(F3:F0:16:BF:DC:AE)	0.804	0.279	0.569	-0.549	4.028	3.296	29.22	-52.19	130.44	15.540	-25.767	-15.500	-0.24466	-0.48669	-0.03079	-0.83798	25.9	null	null	13113	75
2026-05-27T14:06:19.120	WT901BLE68(F3:F0:16:BF:DC:AE)	0.738	0.333	0.490	7.202	4.944	7.202	28.62	-51.90	130.61	15.540	-25.767	-15.500	-0.24466	-0.48669	-0.03079	-0.83798	25.9	null	null	13113	75
2026-05-27T14:06:19.237	WT901BLE68(F3:F0:16:BF:DC:AE)	0.781	0.278	0.677	7.813	0.610	12.085	27.86	-51.93	131.58	15.540	-25.767	-15.500	-0.24466	-0.48669	-0.03079	-0.83798	25.9	null	null	13113	75
2026-05-27T14:06:19.298	WT901BLE68(F3:F0:16:BF:DC:AE)	0.823	0.251	0.540	-2.808	-6.165	17.029	25.75	-52.97	132.49	15.540	-25.767	-15.500	-0.24466	-0.48669	-0.03079	-0.83798	25.9	null	null	13113	75
2026-05-27T14:06:19.417	WT901BLE68(F3:F0:16:BF:DC:AE)	0.840	0.222	0.569	-4.883	-4.089	20.508	23.62	-54.21	134.36	19.147	-27.947	-16.373	-0.24466	-0.48669	-0.03079	-0.83798	25.9	null	null	13113	75
2026-05-27T14:06:19.537	WT901BLE68(F3:F0:16:BF:DC:AE)	0.855	0.231	0.500	13.977	8.057	16.541	21.02	-54.82	136.83	19.147	-27.947	-16.373	-0.24466	-0.48669	-0.03079	-0.83798	25.9	null	null	13113	75
2026-05-27T14:06:19.625	WT901BLE68(F3:F0:16:BF:DC:AE)	0.822	0.173	0.574	7.935	4.944	16.602	19.74	-54.84	139.56	19.147	-27.947	-16.373	-0.23389	-0.47903	0.01315	-0.84589	25.9	null	null	13113	75
2026-05-27T14:06:19.719	WT901BLE68(F3:F0:16:BF:DC:AE)	0.855	0.157	0.499	-2.380	-0.244	11.475	18.00	-55.26	141.33	19.147	-27.947	-16.373	-0.23389	-0.47903	0.01315	-0.84589	25.9	null	null	13113	75
2026-05-27T14:06:19.840	WT901BLE68(F3:F0:16:BF:DC:AE)	0.833	0.127	0.561	10.986	6.042	4.211	18.09	-55.17	141.71	19.147	-27.947	-16.373	-0.23389	-0.47903	0.01315	-0.84589	25.9	null	null	13113	75
2026-05-27T14:06:19.895	WT901BLE68(F3:F0:16:BF:DC:AE)	0.767	0.179	0.571	12.085	7.996	1.221	18.39	-54.64	141.81	19.147	-27.947	-16.373	-0.23389	-0.47903	0.01315	-0.84589	25.9	null	null	13113	75
2026-05-27T14:06:20.049	WT901BLE68(F3:F0:16:BF:DC:AE)	0.797	0.153	0.598	-9.521	1.648	-10.071	19.03	-53.95	140.72	19.147	-27.947	-16.373	-0.23389	-0.47903	0.01315	-0.84589	25.9	null	null	13113	75
2026-05-27T14:06:20.107	WT901BLE68(F3:F0:16:BF:DC:AE)	0.806	0.286	0.594	-5.676	5.615	-19.958	19.87	-52.94	138.22	19.147	-27.947	-16.373	-0.23389	-0.47903	0.01315	-0.84589	25.9	null	null	13113	75
2026-05-27T14:06:20.225	WT901BLE68(F3:F0:16:BF:DC:AE)	0.822	0.241	0.654	1.038	-2.258	-16.296	21.66	-52.31	135.14	19.147	-27.947	-16.373	-0.23389	-0.47903	0.01315	-0.84589	25.9	null	null	13113	75
2026-05-27T14:06:20.317	WT901BLE68(F3:F0:16:BF:DC:AE)	0.792	0.248	0.469	-10.681	-14.404	-17.029	22.78	-52.90	131.79	19.667	-32.553	-13.693	-0.23389	-0.47903	0.01315	-0.84589	25.9	null	null	13113	75
2026-05-27T14:06:20.436	WT901BLE68(F3:F0:16:BF:DC:AE)	0.849	0.238	0.641	-20.081	-1.038	-16.846	23.55	-52.84	128.46	19.667	-32.553	-13.693	-0.23389	-0.47903	0.01315	-0.84589	25.9	null	null	13113	75
2026-05-27T14:06:20.527	WT901BLE68(F3:F0:16:BF:DC:AE)	0.778	0.288	0.529	-29.846	5.432	-4.211	22.17	-52.14	127.03	19.667	-32.553	-13.693	-0.30777	-0.46927	0.02969	-0.82709	25.9	null	null	13113	75
