time	DeviceName	AccX(g)	AccY(g)	AccZ(g)	AsX(°/s)	AsY(°/s)	AsZ(°/s)	AngleX(°)	AngleY(°)	AngleZ(°)	HX(uT)	HY(uT)	HZ(uT)	Q0()	Q1()	Q2()	Q3()	Temperature(°C)	Height(m)	Pressure(kPa)	Version()	Battery level(%)
2026-05-27T14:15:14.590	WT901BLE68(F3:F0:16:BF:DC:AE)	0.836	-0.232	0.511	0.183	-0.793	0.061	-24.63	-56.43	-16.77	5.087	9.553	13.060	-0.83731	0.25180	0.42987	0.22498	25.4	null	null	13113	75
2026-05-27T14:15:14.651	WT901BLE68(F3:F0:16:BF:DC:AE)	0.834	-0.230	0.500	0.061	-0.671	-0.061	-24.64	-56.49	-16.74	5.087	9.553	13.060	-0.83731	0.25180	0.42987	0.22498	25.4	null	null	13113	75
2026-05-27T14:15:14.769	WT901BLE68(F3:F0:16:BF:DC:AE)	0.835	-0.236	0.506	-1.648	0.061	0.000	-24.69	-56.51	-16.70	5.087	9.553	13.060	-0.83731	0.25180	0.42987	0.22498	25.4	null	null	13113	75
2026-05-27T14:15:14.832	WT901BLE68(F3:F0:16:BF:DC:AE)	0.824	-0.211	0.518	-6.348	1.770	-0.122	-25.03	-56.40	-16.90	5.087	9.553	13.060	-0.83731	0.25180	0.42987	0.22498	25.4	null	null	13113	75
2026-05-27T14:15:14.950	WT901BLE68(F3:F0:16:BF:DC:AE)	0.800	-0.209	0.565	-5.005	4.028	-3.235	-25.27	-56.18	-17.65	5.087	9.553	13.060	-0.83731	0.25180	0.42987	0.22498	25.4	null	null	13113	75
2026-05-27T14:15:15.039	WT901BLE68(F3:F0:16:BF:DC:AE)	0.809	-0.233	0.529	-0.549	1.465	-2.380	-24.69	-56.04	-18.75	5.087	9.553	13.060	-0.83731	0.25180	0.42987	0.22498	25.4	null	null	13113	75
2026-05-27T14:15:15.157	WT901BLE68(F3:F0:16:BF:DC:AE)	0.806	-0.257	0.457	-1.404	-3.235	2.808	-24.73	-56.13	-18.97	5.087	9.553	13.060	-0.83731	0.25180	0.42987	0.22498	25.5	null	null	13113	75
2026-05-27T14:15:15.250	WT901BLE68(F3:F0:16:BF:DC:AE)	0.846	-0.172	0.590	-19.958	5.676	-1.160	-26.07	-56.06	-18.75	5.087	9.553	13.060	-0.83731	0.25180	0.42987	0.22498	25.5	null	null	13113	75
2026-05-27T14:15:15.370	WT901BLE68(F3:F0:16:BF:DC:AE)	0.793	-0.235	0.668	-11.353	5.554	-5.859	-26.75	-55.65	-20.23	5.087	9.553	13.060	-0.83731	0.25180	0.42987	0.22498	25.5	null	null	13113	75
2026-05-27T14:15:15.429	WT901BLE68(F3:F0:16:BF:DC:AE)	0.741	-0.283	0.532	-10.925	6.042	-4.395	-26.17	-55.03	-22.66	5.247	6.393	16.940	-0.83731	0.25180	0.42987	0.22498	25.5	null	null	13113	75
2026-05-27T14:15:15.583	WT901BLE68(F3:F0:16:BF:DC:AE)	0.834	-0.226	0.562	0.000	3.540	2.319	-26.02	-54.53	-23.75	5.247	6.393	16.940	-0.83731	0.25180	0.42987	0.22498	25.5	null	null	13113	75
2026-05-27T14:15:15.640	WT901BLE68(F3:F0:16:BF:DC:AE)	0.809	-0.266	0.510	-7.019	2.136	1.404	-26.67	-54.06	-24.33	5.247	6.393	16.940	-0.82623	0.29050	0.39148	0.28214	25.5	null	null	13113	75
2026-05-27T14:15:15.758	WT901BLE68(F3:F0:16:BF:DC:AE)	0.801	-0.272	0.560	-4.272	5.981	6.042	-27.42	-53.31	-25.08	5.247	6.393	16.940	-0.82623	0.29050	0.39148	0.28214	25.5	null	null	13113	75
2026-05-27T14:15:15.853	WT901BLE68(F3:F0:16:BF:DC:AE)	0.778	-0.326	0.564	-1.648	6.409	8.972	-28.33	-52.37	-25.27	5.247	6.393	16.940	-0.82623	0.29050	0.39148	0.28214	25.5	null	null	13113	75
2026-05-27T14:15:15.970	WT901BLE68(F3:F0:16:BF:DC:AE)	0.780	-0.392	0.622	4.761	0.916	8.545	-28.80	-51.58	-25.55	5.247	6.393	16.940	-0.82623	0.29050	0.39148	0.28214	25.5	null	null	13113	75
2026-05-27T14:15:16.061	WT901BLE68(F3:F0:16:BF:DC:AE)	0.772	-0.343	0.538	3.784	-4.822	7.629	-29.50	-51.34	-24.89	5.247	6.393	16.940	-0.82623	0.29050	0.39148	0.28214	25.5	null	null	13113	75
2026-05-27T14:15:16.182	WT901BLE68(F3:F0:16:BF:DC:AE)	0.783	-0.353	0.485	5.371	-4.272	6.226	-29.98	-51.47	-24.44	5.247	6.393	16.940	-0.82623	0.29050	0.39148	0.28214	25.5	null	null	13113	75
2026-05-27T14:15:16.241	WT901BLE68(F3:F0:16:BF:DC:AE)	0.799	-0.349	0.500	2.075	-2.930	5.676	-30.31	-51.51	-23.49	5.247	6.393	16.940	-0.82623	0.29050	0.39148	0.28214	25.5	null	null	13113	75
2026-05-27T14:15:16.358	WT901BLE68(F3:F0:16:BF:DC:AE)	0.819	-0.306	0.567	9.705	-7.690	1.404	-30.56	-51.89	-22.85	1.827	4.233	13.733	-0.82623	0.29050	0.39148	0.28214	25.5	null	null	13113	75
2026-05-27T14:15:16.450	WT901BLE68(F3:F0:16:BF:DC:AE)	0.784	-0.387	0.586	7.751	-5.371	2.319	-30.44	-52.77	-22.04	1.827	4.233	13.733	-0.82623	0.29050	0.39148	0.28214	25.5	null	null	13113	75
2026-05-27T14:15:16.572	WT901BLE68(F3:F0:16:BF:DC:AE)	0.781	-0.284	0.533	-2.747	4.272	4.883	-30.93	-52.50	-21.17	1.827	4.233	13.733	-0.82651	0.31213	0.37698	0.27786	25.5	null	null	13113	75
2026-05-27T14:15:16.659	WT901BLE68(F3:F0:16:BF:DC:AE)	0.804	-0.348	0.648	2.747	7.080	3.052	-31.33	-51.63	-20.93	1.827	4.233	13.733	-0.82651	0.31213	0.37698	0.27786	25.5	null	null	13113	75
2026-05-27T14:15:16.783	WT901BLE68(F3:F0:16:BF:DC:AE)	0.791	-0.409	0.491	-10.681	9.399	-2.991	-31.21	-50.84	-21.97	1.827	4.233	13.733	-0.82651	0.31213	0.37698	0.27786	25.5	null	null	13113	75
2026-05-27T14:15:16.840	WT901BLE68(F3:F0:16:BF:DC:AE)	0.938	-0.412	0.437	-25.208	-3.113	-15.320	-31.51	-50.78	-23.51	1.827	4.233	13.733	-0.82651	0.31213	0.37698	0.27786	25.5	null	null	13113	75
2026-05-27T14:15:16.990	WT901BLE68(F3:F0:16:BF:DC:AE)	0.744	-0.121	0.489	25.574	-22.339	-19.104	-31.18	-53.48	-24.44	1.827	4.233	13.733	-0.82651	0.31213	0.37698	0.27786	25.5	null	null	13113	75
2026-05-27T14:15:17.052	WT901BLE68(F3:F0:16:BF:DC:AE)	0.799	-0.294	0.329	-1.709	5.676	4.944	-29.78	-54.50	-24.63	1.827	4.233	13.733	-0.82651	0.31213	0.37698	0.27786	25.5	null	null	13113	75
2026-05-27T14:15:17.172	WT901BLE68(F3:F0:16:BF:DC:AE)	0.863	-0.347	0.587	-11.841	11.902	3.723	-30.44	-53.45	-24.07	1.827	4.233	13.733	-0.82651	0.31213	0.37698	0.27786	25.5	null	null	13113	75
2026-05-27T14:15:17.258	WT901BLE68(F3:F0:16:BF:DC:AE)	0.779	-0.363	0.487	-4.700	-9.827	-1.282	-31.48	-53.38	-24.02	2.220	4.433	9.067	-0.82651	0.31213	0.37698	0.27786	25.5	null	null	13113	75
2026-05-27T14:15:17.377	WT901BLE68(F3:F0:16:BF:DC:AE)	0.811	-0.235	0.445	0.977	-8.789	-1.953	-31.64	-54.49	-22.59	2.220	4.433	9.067	-0.82651	0.31213	0.37698	0.27786	25.5	null	null	13113	75
2026-05-27T14:15:17.467	WT901BLE68(F3:F0:16:BF:DC:AE)	0.803	-0.331	0.530	0.916	0.610	6.165	-32.27	-54.62	-21.47	2.220	4.433	9.067	-0.81366	0.32480	0.38654	0.28796	25.5	null	null	13113	75
2026-05-27T14:15:17.588	WT901BLE68(F3:F0:16:BF:DC:AE)	0.753	-0.290	0.627	5.676	-0.183	7.874	-32.78	-54.05	-19.84	2.220	4.433	9.067	-0.81366	0.32480	0.38654	0.28796	25.5	null	null	13113	75
2026-05-27T14:15:17.651	WT901BLE68(F3:F0:16:BF:DC:AE)	0.777	-0.316	0.596	17.761	1.465	10.559	-32.50	-53.43	-17.47	2.220	4.433	9.067	-0.81366	0.32480	0.38654	0.28796	25.5	null	null	13113	75
2026-05-27T14:15:17.769	WT901BLE68(F3:F0:16:BF:DC:AE)	0.757	-0.322	0.609	14.465	8.301	10.376	-31.61	-52.10	-15.52	2.220	4.433	9.067	-0.81366	0.32480	0.38654	0.28796	25.5	null	null	13113	75
2026-05-27T14:15:17.857	WT901BLE68(F3:F0:16:BF:DC:AE)	0.811	-0.385	0.449	13.733	-4.822	5.310	-31.10	-51.59	-13.06	2.220	4.433	9.067	-0.81366	0.32480	0.38654	0.28796	25.5	null	null	13113	75
2026-05-27T14:15:18.012	WT901BLE68(F3:F0:16:BF:DC:AE)	0.819	-0.401	0.449	15.076	-16.052	7.813	-31.46	-52.47	-8.51	2.220	4.433	9.067	-0.81366	0.32480	0.38654	0.28796	25.5	null	null	13113	75
2026-05-27T14:15:18.068	WT901BLE68(F3:F0:16:BF:DC:AE)	0.838	-0.360	0.467	16.113	-2.563	9.094	-32.16	-53.02	-2.95	2.220	4.433	9.067	-0.81366	0.32480	0.38654	0.28796	25.5	null	null	13113	75
2026-05-27T14:15:18.193	WT901BLE68(F3:F0:16:BF:DC:AE)	0.859	-0.372	0.519	18.005	-2.380	-2.380	-31.26	-53.27	0.86	6.220	3.893	1.107	-0.81366	0.32480	0.38654	0.28796	25.5	null	null	13113	75
2026-05-27T14:15:18.249	WT901BLE68(F3:F0:16:BF:DC:AE)	0.834	-0.237	0.417	0.671	-10.315	6.714	-31.64	-53.86	5.45	6.220	3.893	1.107	-0.81366	0.32480	0.38654	0.28796	25.5	null	null	13113	75
2026-05-27T14:15:18.403	WT901BLE68(F3:F0:16:BF:DC:AE)	0.805	-0.255	0.530	-6.592	-0.244	7.813	-33.21	-54.06	10.66	6.220	3.893	1.107	-0.86249	0.22122	0.44809	0.07916	25.5	null	null	13113	75
2026-05-27T14:15:18.460	WT901BLE68(F3:F0:16:BF:DC:AE)	0.798	-0.350	0.557	0.244	-2.441	10.193	-34.75	-53.84	15.94	6.220	3.893	1.107	-0.86249	0.22122	0.44809	0.07916	25.5	null	null	13113	75
2026-05-27T14:15:18.582	WT901BLE68(F3:F0:16:BF:DC:AE)	0.773	-0.288	0.584	-1.160	1.648	7.080	-36.38	-53.21	20.73	6.220	3.893	1.107	-0.86249	0.22122	0.44809	0.07916	25.5	null	null	13113	75
2026-05-27T14:15:18.670	WT901BLE68(F3:F0:16:BF:DC:AE)	0.813	-0.370	0.495	-9.949	9.155	5.371	-37.29	-52.28	24.98	6.220	3.893	1.107	-0.86249	0.22122	0.44809	0.07916	25.5	null	null	13113	75
2026-05-27T14:15:18.791	WT901BLE68(F3:F0:16:BF:DC:AE)	0.846	-0.445	0.537	-10.254	-1.831	-8.972	-37.74	-51.80	28.13	6.220	3.893	1.107	-0.86249	0.22122	0.44809	0.07916	25.5	null	null	13113	75
2026-05-27T14:15:18.882	WT901BLE68(F3:F0:16:BF:DC:AE)	0.785	-0.347	0.484	4.761	-23.193	-22.827	-37.92	-53.87	31.09	6.220	3.893	1.107	-0.86249	0.22122	0.44809	0.07916	25.5	null	null	13113	75
2026-05-27T14:15:19.003	WT901BLE68(F3:F0:16:BF:DC:AE)	0.812	-0.251	0.347	-10.437	0.488	-20.203	-36.29	-56.21	33.31	9.207	2.587	-4.447	-0.86249	0.22122	0.44809	0.07916	25.5	null	null	13113	75
2026-05-27T14:15:19.060	WT901BLE68(F3:F0:16:BF:DC:AE)	0.850	-0.328	0.491	-13.367	17.761	-7.202	-35.21	-56.22	33.20	9.207	2.587	-4.447	-0.86249	0.22122	0.44809	0.07916	25.5	null	null	13113	75
2026-05-27T14:15:19.179	WT901BLE68(F3:F0:16:BF:DC:AE)	0.868	-0.284	0.500	-13.794	8.789	-16.846	-34.34	-55.66	32.88	9.207	2.587	-4.447	-0.86249	0.22122	0.44809	0.07916	25.5	null	null	13113	75
2026-05-27T14:15:19.270	WT901BLE68(F3:F0:16:BF:DC:AE)	0.723	-0.252	0.487	7.202	4.761	-12.390	-31.23	-56.22	32.92	9.207	2.587	-4.447	-0.84979	0.11716	0.50189	-0.11005	25.5	null	null	13113	75
2026-05-27T14:15:19.394	WT901BLE68(F3:F0:16:BF:DC:AE)	0.813	-0.260	0.459	-0.427	4.150	-5.127	-28.80	-56.48	33.43	9.207	2.587	-4.447	-0.84979	0.11716	0.50189	-0.11005	25.5	null	null	13113	75
2026-05-27T14:15:19.480	WT901BLE68(F3:F0:16:BF:DC:AE)	0.823	-0.288	0.536	-6.287	7.385	8.301	-28.44	-56.12	35.34	9.207	2.587	-4.447	-0.84979	0.11716	0.50189	-0.11005	25.5	null	null	13113	75
2026-05-27T14:15:19.601	WT901BLE68(F3:F0:16:BF:DC:AE)	0.821	-0.234	0.473	-10.193	15.625	17.456	-29.18	-54.58	38.20	9.207	2.587	-4.447	-0.84979	0.11716	0.50189	-0.11005	25.5	null	null	13113	75
2026-05-27T14:15:19.661	WT901BLE68(F3:F0:16:BF:DC:AE)	0.779	-0.335	0.487	-26.672	11.536	13.184	-31.22	-52.62	41.18	9.207	2.587	-4.447	-0.84979	0.11716	0.50189	-0.11005	25.5	null	null	13113	75
2026-05-27T14:15:19.813	WT901BLE68(F3:F0:16:BF:DC:AE)	0.840	-0.376	0.515	-7.263	-17.578	5.371	-33.59	-52.48	44.77	9.207	2.587	-4.447	-0.84979	0.11716	0.50189	-0.11005	25.5	null	null	13113	75
2026-05-27T14:15:19.868	WT901BLE68(F3:F0:16:BF:DC:AE)	0.847	-0.358	0.382	23.193	-13.611	12.878	-34.39	-53.57	50.26	8.933	0.300	-3.733	-0.84979	0.11716	0.50189	-0.11005	25.5	null	null	13113	75
2026-05-27T14:15:20.026	WT901BLE68(F3:F0:16:BF:DC:AE)	0.896	-0.444	0.428	-9.705	-7.446	-1.526	-35.52	-54.18	55.50	8.933	0.300	-3.733	-0.84979	0.11716	0.50189	-0.11005	25.5	null	null	13113	75
2026-05-27T14:15:20.110	WT901BLE68(F3:F0:16:BF:DC:AE)	0.844	-0.303	0.423	-2.502	-9.277	0.000	-37.30	-55.17	59.01	8.933	0.300	-3.733	-0.80432	0.03122	0.52100	-0.28378	25.5	null	null	13113	75
2026-05-27T14:15:20.230	WT901BLE68(F3:F0:16:BF:DC:AE)	0.875	-0.359	0.392	2.930	0.305	3.723	-37.74	-55.51	62.64	8.933	0.300	-3.733	-0.80432	0.03122	0.52100	-0.28378	25.5	null	null	13113	75
2026-05-27T14:15:20.291	WT901BLE68(F3:F0:16:BF:DC:AE)	0.846	-0.445	0.442	-13.306	0.977	-3.601	-38.71	-55.46	65.47	8.933	0.300	-3.733	-0.80432	0.03122	0.52100	-0.28378	25.5	null	null	13113	75
2026-05-27T14:15:20.442	WT901BLE68(F3:F0:16:BF:DC:AE)	0.847	-0.334	0.410	-14.282	-3.235	-3.601	-39.85	-55.83	67.90	8.933	0.300	-3.733	-0.80432	0.03122	0.52100	-0.28378	25.5	null	null	13113	75
2026-05-27T14:15:20.470	WT901BLE68(F3:F0:16:BF:DC:AE)	0.865	-0.419	0.302	-4.700	-5.371	-0.305	-41.08	-56.31	70.85	8.933	0.300	-3.733	-0.80432	0.03122	0.52100	-0.28378	25.5	null	null	13113	75
2026-05-27T14:15:20.592	WT901BLE68(F3:F0:16:BF:DC:AE)	0.821	-0.384	0.388	-0.183	-3.418	-0.183	-42.04	-56.76	73.93	8.933	0.300	-3.733	-0.80432	0.03122	0.52100	-0.28378	25.5	null	null	13113	75
2026-05-27T14:15:20.682	WT901BLE68(F3:F0:16:BF:DC:AE)	0.865	-0.499	0.512	1.587	-14.771	-22.583	-41.66	-57.96	76.50	8.933	0.300	-3.733	-0.80432	0.03122	0.52100	-0.28378	25.5	null	null	13113	75
2026-05-27T14:15:20.803	WT901BLE68(F3:F0:16:BF:DC:AE)	0.824	-0.253	0.487	15.381	-29.480	-21.423	-41.21	-61.19	78.64	8.933	0.300	-3.733	-0.80432	0.03122	0.52100	-0.28378	25.5	null	null	13113	75
2026-05-27T14:15:20.891	WT901BLE68(F3:F0:16:BF:DC:AE)	0.883	-0.288	0.319	16.113	-11.353	-18.188	-38.82	-63.41	80.76	10.567	1.487	-11.027	-0.80432	0.03122	0.52100	-0.28378	25.5	null	null	13113	75
2026-05-27T14:15:21.043	WT901BLE68(F3:F0:16:BF:DC:AE)	0.877	-0.216	0.477	-20.508	15.747	-19.897	-35.15	-64.17	77.74	10.567	1.487	-11.027	-0.80432	0.03122	0.52100	-0.28378	25.5	null	null	13113	75
2026-05-27T14:15:21.100	WT901BLE68(F3:F0:16:BF:DC:AE)	0.892	-0.202	0.426	-0.549	19.653	-14.099	-30.72	-63.15	73.71	10.567	1.487	-11.027	-0.73517	-0.11838	0.54889	-0.37964	25.5	null	null	13113	75
2026-05-27T14:15:21.221	WT901BLE68(F3:F0:16:BF:DC:AE)	0.909	-0.217	0.449	-15.381	23.743	-21.545	-26.30	-61.92	69.13	10.567	1.487	-11.027	-0.73517	-0.11838	0.54889	-0.37964	25.5	null	null	13113	75
2026-05-27T14:15:21.281	WT901BLE68(F3:F0:16:BF:DC:AE)	0.852	-0.166	0.544	-9.094	23.743	-14.893	-22.04	-60.62	64.24	10.567	1.487	-11.027	-0.73517	-0.11838	0.54889	-0.37964	25.5	null	null	13113	75
2026-05-27T14:15:21.402	WT901BLE68(F3:F0:16:BF:DC:AE)	0.901	-0.117	0.610	13.367	21.301	-3.418	-20.44	-58.60	61.42	10.567	1.487	-11.027	-0.73517	-0.11838	0.54889	-0.37964	25.5	null	null	13113	75
2026-05-27T14:15:21.491	WT901BLE68(F3:F0:16:BF:DC:AE)	0.874	-0.091	0.516	4.333	19.653	5.493	-19.42	-56.82	60.41	10.567	1.487	-11.027	-0.73517	-0.11838	0.54889	-0.37964	25.5	null	null	13113	75
2026-05-27T14:15:21.612	WT901BLE68(F3:F0:16:BF:DC:AE)	0.830	-0.172	0.591	-3.296	14.465	17.883	-20.07	-54.90	60.95	10.567	1.487	-11.027	-0.73517	-0.11838	0.54889	-0.37964	25.5	null	null	13113	75
2026-05-27T14:15:21.701	WT901BLE68(F3:F0:16:BF:DC:AE)	0.831	-0.284	0.619	4.761	7.507	17.517	-22.03	-53.25	62.92	10.567	1.487	-11.027	-0.73517	-0.11838	0.54889	-0.37964	25.5	null	null	13113	75
2026-05-27T14:15:21.820	WT901BLE68(F3:F0:16:BF:DC:AE)	0.869	-0.353	0.551	0.366	-9.460	13.245	-23.73	-52.90	65.47	6.600	5.140	-1.393	-0.73517	-0.11838	0.54889	-0.37964	25.5	null	null	13113	75
2026-05-27T14:15:21.879	WT901BLE68(F3:F0:16:BF:DC:AE)	0.770	-0.200	0.362	30.334	-16.968	17.578	-25.18	-53.75	69.58	6.600	5.140	-1.393	-0.77399	-0.08875	0.47281	-0.41159	25.5	null	null	13113	75
2026-05-27T14:15:22.001	WT901BLE68(F3:F0:16:BF:DC:AE)	0.846	-0.386	0.583	-10.010	14.038	10.620	-26.48	-52.97	72.64	6.600	5.140	-1.393	-0.77399	-0.08875	0.47281	-0.41159	25.5	null	null	13113	75
2026-05-27T14:15:22.092	WT901BLE68(F3:F0:16:BF:DC:AE)	0.772	-0.286	0.491	15.930	-3.784	-3.479	-26.12	-52.54	73.44	6.600	5.140	-1.393	-0.77399	-0.08875	0.47281	-0.41159	25.5	null	null	13113	75
2026-05-27T14:15:22.209	WT901BLE68(F3:F0:16:BF:DC:AE)	0.903	-0.314	0.476	28.137	-11.780	5.615	-24.87	-53.51	75.67	6.600	5.140	-1.393	-0.77399	-0.08875	0.47281	-0.41159	25.5	null	null	13113	75
2026-05-27T14:15:22.304	WT901BLE68(F3:F0:16:BF:DC:AE)	0.785	-0.184	0.492	26.917	-2.991	-0.061	-22.05	-54.10	77.33	6.600	5.140	-1.393	-0.77399	-0.08875	0.47281	-0.41159	25.5	null	null	13113	75
2026-05-27T14:15:22.419	WT901BLE68(F3:F0:16:BF:DC:AE)	0.758	-0.243	0.561	-5.066	9.277	5.005	-21.05	-53.84	77.96	6.600	5.140	-1.393	-0.77399	-0.08875	0.47281	-0.41159	25.5	null	null	13113	75
2026-05-27T14:15:22.480	WT901BLE68(F3:F0:16:BF:DC:AE)	0.822	-0.287	0.611	5.981	6.592	-0.427	-20.16	-53.12	78.26	6.600	5.140	-1.393	-0.77399	-0.08875	0.47281	-0.41159	25.5	null	null	13113	75
2026-05-27T14:15:22.602	WT901BLE68(F3:F0:16:BF:DC:AE)	0.798	-0.268	0.563	-16.479	-6.348	-7.324	-20.27	-53.09	77.83	6.600	5.140	-1.393	-0.77399	-0.08875	0.47281	-0.41159	25.5	null	null	13113	75
2026-05-27T14:15:22.688	WT901BLE68(F3:F0:16:BF:DC:AE)	0.783	-0.093	0.582	13.916	-12.207	-6.165	-19.81	-54.51	78.04	10.440	4.520	-8.067	-0.77399	-0.08875	0.47281	-0.41159	25.5	null	null	13113	75
2026-05-27T14:15:22.811	WT901BLE68(F3:F0:16:BF:DC:AE)	0.841	-0.157	0.424	2.075	8.789	-3.174	-16.31	-55.22	77.04	10.440	4.520	-8.067	-0.77399	-0.08875	0.47281	-0.41159	25.5	null	null	13113	75
2026-05-27T14:15:22.902	WT901BLE68(F3:F0:16:BF:DC:AE)	0.894	-0.234	0.609	2.869	-2.319	-3.784	-16.25	-55.30	76.04	10.440	4.520	-8.067	-0.72934	-0.18564	0.43625	-0.49310	25.5	null	null	13113	75
2026-05-27T14:15:23.022	WT901BLE68(F3:F0:16:BF:DC:AE)	0.814	-0.139	0.475	8.667	3.601	-11.719	-14.33	-55.68	74.36	10.440	4.520	-8.067	-0.72934	-0.18564	0.43625	-0.49310	25.5	null	null	13113	75
2026-05-27T14:15:23.112	WT901BLE68(F3:F0:16:BF:DC:AE)	0.856	-0.069	0.551	5.005	2.258	-2.869	-11.94	-55.82	73.06	10.440	4.520	-8.067	-0.72934	-0.18564	0.43625	-0.49310	25.5	null	null	13113	75
2026-05-27T14:15:23.231	WT901BLE68(F3:F0:16:BF:DC:AE)	0.817	-0.098	0.599	-0.610	5.310	-1.038	-11.32	-55.48	72.22	10.440	4.520	-8.067	-0.72934	-0.18564	0.43625	-0.49310	25.5	null	null	13113	75
2026-05-27T14:15:23.290	WT901BLE68(F3:F0:16:BF:DC:AE)	0.798	-0.055	0.563	-8.484	9.583	1.770	-11.68	-54.89	71.74	10.440	4.520	-8.067	-0.72934	-0.18564	0.43625	-0.49310	25.5	null	null	13113	75
2026-05-27T14:15:23.411	WT901BLE68(F3:F0:16:BF:DC:AE)	0.778	-0.079	0.568	-11.292	15.564	12.390	-13.07	-53.49	72.19	10.440	4.520	-8.067	-0.72934	-0.18564	0.43625	-0.49310	25.5	null	null	13113	75
2026-05-27T14:15:23.503	WT901BLE68(F3:F0:16:BF:DC:AE)	0.842	-0.153	0.583	-34.668	6.714	15.869	-16.28	-52.01	74.11	10.440	4.520	-8.067	-0.72934	-0.18564	0.43625	-0.49310	25.5	null	null	13113	75
2026-05-27T14:15:23.619	WT901BLE68(F3:F0:16:BF:DC:AE)	0.815	-0.295	0.640	-19.592	-12.268	10.071	-20.91	-52.34	76.59	9.533	4.007	-6.087	-0.72934	-0.18564	0.43625	-0.49310	25.5	null	null	13113	75
2026-05-27T14:15:23.741	WT901BLE68(F3:F0:16:BF:DC:AE)	0.800	-0.183	0.492	-1.221	-1.831	6.775	-22.68	-52.54	79.38	9.533	4.007	-6.087	-0.72934	-0.18564	0.43625	-0.49310	25.5	null	null	13113	75
2026-05-27T14:15:23.831	WT901BLE68(F3:F0:16:BF:DC:AE)	0.824	-0.322	0.668	-3.357	-2.319	-1.770	-23.57	-52.46	81.07	9.533	4.007	-6.087	-0.72821	-0.14084	0.44711	-0.49985	25.5	null	null	13113	75
2026-05-27T14:15:23.889	WT901BLE68(F3:F0:16:BF:DC:AE)	0.778	-0.157	0.524	-1.038	1.892	-6.165	-23.60	-52.44	82.02	9.533	4.007	-6.087	-0.72821	-0.14084	0.44711	-0.49985	25.5	null	null	13113	75
2026-05-27T14:15:24.013	WT901BLE68(F3:F0:16:BF:DC:AE)	0.805	-0.242	0.547	-20.569	8.667	-11.841	-23.57	-52.19	81.57	9.533	4.007	-6.087	-0.72821	-0.14084	0.44711	-0.49985	25.5	null	null	13113	75
2026-05-27T14:15:24.100	WT901BLE68(F3:F0:16:BF:DC:AE)	0.740	-0.220	0.532	-24.780	9.460	-10.498	-24.22	-51.67	80.41	9.533	4.007	-6.087	-0.72821	-0.14084	0.44711	-0.49985	25.5	null	null	13113	75
2026-05-27T14:15:24.222	WT901BLE68(F3:F0:16:BF:DC:AE)	0.757	-0.224	0.556	-13.916	11.780	-14.221	-24.50	-51.31	79.27	9.533	4.007	-6.087	-0.72821	-0.14084	0.44711	-0.49985	25.5	null	null	13113	75
2026-05-27T14:15:24.311	WT901BLE68(F3:F0:16:BF:DC:AE)	0.823	-0.176	0.745	6.653	7.263	-22.949	-21.64	-51.24	76.77	9.533	4.007	-6.087	-0.72821	-0.14084	0.44711	-0.49985	25.5	null	null	13113	75
2026-05-27T14:15:24.430	WT901BLE68(F3:F0:16:BF:DC:AE)	0.877	-0.316	0.641	1.404	-10.010	-26.611	-18.61	-51.90	73.33	9.533	4.007	-6.087	-0.72821	-0.14084	0.44711	-0.49985	25.5	null	null	13113	75
2026-05-27T14:15:24.553	WT901BLE68(F3:F0:16:BF:DC:AE)	0.815	-0.056	0.434	-16.907	-0.183	-27.588	-16.50	-53.51	69.90	8.293	2.460	-1.693	-0.72821	-0.14084	0.44711	-0.49985	25.5	null	null	13113	75
2026-05-27T14:15:24.637	WT901BLE68(F3:F0:16:BF:DC:AE)	0.854	-0.180	0.557	-51.086	12.634	-28.809	-16.06	-53.70	64.80	8.293	2.460	-1.693	-0.77847	-0.13589	0.44391	-0.42227	25.5	null	null	13113	75
2026-05-27T14:15:24.699	WT901BLE68(F3:F0:16:BF:DC:AE)	0.794	-0.075	0.526	-41.321	10.315	-30.762	-16.12	-53.64	58.78	8.293	2.460	-1.693	-0.77847	-0.13589	0.44391	-0.42227	25.5	null	null	13113	75
2026-05-27T14:15:24.823	WT901BLE68(F3:F0:16:BF:DC:AE)	0.855	-0.059	0.443	-21.423	8.179	-37.048	-12.68	-53.73	50.90	8.293	2.460	-1.693	-0.77847	-0.13589	0.44391	-0.42227	25.5	null	null	13113	75
2026-05-27T14:15:24.913	WT901BLE68(F3:F0:16:BF:DC:AE)	0.835	-0.127	0.665	-36.926	9.766	-26.917	-10.28	-53.73	43.25	8.293	2.460	-1.693	-0.77847	-0.13589	0.44391	-0.42227	25.5	null	null	13113	75
2026-05-27T14:15:25.033	WT901BLE68(F3:F0:16:BF:DC:AE)	0.813	-0.017	0.580	-34.119	11.353	-18.066	-10.00	-53.35	36.46	8.293	2.460	-1.693	-0.77847	-0.13589	0.44391	-0.42227	25.5	null	null	13113	75
2026-05-27T14:15:25.119	WT901BLE68(F3:F0:16:BF:DC:AE)	0.710	-0.172	0.609	-36.560	9.399	-8.667	-11.29	-52.76	30.06	8.293	2.460	-1.693	-0.77847	-0.13589	0.44391	-0.42227	25.5	null	null	13113	75
2026-05-27T14:15:25.243	WT901BLE68(F3:F0:16:BF:DC:AE)	0.786	-0.197	0.618	-38.940	13.550	-8.179	-13.17	-52.12	24.52	8.293	2.460	-1.693	-0.77847	-0.13589	0.44391	-0.42227	25.5	null	null	13113	75
2026-05-27T14:15:25.302	WT901BLE68(F3:F0:16:BF:DC:AE)	0.815	-0.402	0.695	-20.630	-2.808	6.592	-16.17	-51.75	20.26	0.527	1.473	9.867	-0.77847	-0.13589	0.44391	-0.42227	25.5	null	null	13113	75
2026-05-27T14:15:25.423	WT901BLE68(F3:F0:16:BF:DC:AE)	0.774	-0.141	0.476	-11.902	-2.380	-4.517	-19.13	-52.03	15.45	0.527	1.473	9.867	-0.77847	-0.13589	0.44391	-0.42227	25.5	null	null	13113	75
2026-05-27T14:15:25.510	WT901BLE68(F3:F0:16:BF:DC:AE)	0.926	-0.247	0.633	-20.264	7.202	-10.681	-18.67	-52.16	9.45	0.527	1.473	9.867	-0.77847	-0.13589	0.44391	-0.42227	25.5	null	null	13113	75
2026-05-27T14:15:25.628	WT901BLE68(F3:F0:16:BF:DC:AE)	0.796	-0.199	0.635	-80.322	15.991	-14.099	-22.20	-51.52	2.03	0.527	1.473	9.867	-0.88904	0.11774	0.44220	0.01028	25.5	null	null	13113	75
2026-05-27T14:15:25.721	WT901BLE68(F3:F0:16:BF:DC:AE)	0.798	-0.271	0.610	-61.340	13.000	-14.648	-25.63	-51.12	-5.52	0.527	1.473	9.867	-0.88904	0.11774	0.44220	0.01028	25.5	null	null	13113	75
2026-05-27T14:15:25.844	WT901BLE68(F3:F0:16:BF:DC:AE)	0.738	-0.282	0.453	-98.816	13.245	-16.541	-30.55	-50.89	-14.18	0.527	1.473	9.867	-0.88904	0.11774	0.44220	0.01028	25.5	null	null	13113	75
2026-05-27T14:15:25.931	WT901BLE68(F3:F0:16:BF:DC:AE)	0.782	-0.336	0.674	-71.045	18.616	-20.203	-34.79	-51.00	-22.37	0.527	1.473	9.867	-0.88904	0.11774	0.44220	0.01028	25.5	null	null	13113	75
2026-05-27T14:15:26.051	WT901BLE68(F3:F0:16:BF:DC:AE)	0.765	-0.395	0.436	-58.289	16.846	-19.836	-37.71	-50.81	-31.23	0.527	1.473	9.867	-0.88904	0.11774	0.44220	0.01028	25.5	null	null	13113	75
2026-05-27T14:15:26.111	WT901BLE68(F3:F0:16:BF:DC:AE)	0.743	-0.511	0.442	-33.264	13.062	-23.315	-38.09	-50.99	-39.63	0.527	1.473	9.867	-0.88904	0.11774	0.44220	0.01028	25.5	null	null	13113	75
2026-05-27T14:15:26.231	WT901BLE68(F3:F0:16:BF:DC:AE)	0.743	-0.409	0.617	-23.865	11.963	-18.188	-37.88	-51.05	-47.33	0.527	1.473	9.867	-0.88904	0.11774	0.44220	0.01028	25.5	null	null	13113	75
2026-05-27T14:15:26.318	WT901BLE68(F3:F0:16:BF:DC:AE)	0.725	-0.370	0.572	-41.809	19.592	-27.283	-38.01	-50.95	-54.77	-5.233	-22.380	15.180	-0.88904	0.11774	0.44220	0.01028	25.5	null	null	13113	75
2026-05-27T14:15:26.445	WT901BLE68(F3:F0:16:BF:DC:AE)	0.780	-0.404	0.469	-49.622	6.165	-42.542	-37.64	-52.08	-64.13	-5.233	-22.380	15.180	-0.88904	0.11774	0.44220	0.01028	25.5	null	null	13113	75
2026-05-27T14:15:26.529	WT901BLE68(F3:F0:16:BF:DC:AE)	0.810	-0.306	0.275	-14.587	6.714	-37.476	-35.58	-54.00	-73.00	-5.233	-22.380	15.180	-0.62314	0.47253	0.19113	0.59311	25.5	null	null	13113	75
2026-05-27T14:15:26.654	WT901BLE68(F3:F0:16:BF:DC:AE)	0.896	-0.281	0.536	-34.790	19.348	-32.349	-33.63	-54.79	-81.40	-5.233	-22.380	15.180	-0.62314	0.47253	0.19113	0.59311	25.5	null	null	13113	75
2026-05-27T14:15:26.709	WT901BLE68(F3:F0:16:BF:DC:AE)	0.807	-0.293	0.445	-45.471	19.714	-32.288	-32.64	-54.89	-90.11	-5.233	-22.380	15.180	-0.62314	0.47253	0.19113	0.59311	25.5	null	null	13113	75
2026-05-27T14:15:26.829	WT901BLE68(F3:F0:16:BF:DC:AE)	0.853	-0.240	0.455	-25.818	14.343	-23.071	-30.88	-55.13	-97.43	-5.233	-22.380	15.180	-0.62314	0.47253	0.19113	0.59311	25.5	null	null	13113	75
2026-05-27T14:15:26.919	WT901BLE68(F3:F0:16:BF:DC:AE)	0.829	-0.307	0.512	-40.588	13.428	-14.954	-30.95	-55.15	-103.08	-5.233	-22.380	15.180	-0.62314	0.47253	0.19113	0.59311	25.5	null	null	13113	75
2026-05-27T14:15:27.042	WT901BLE68(F3:F0:16:BF:DC:AE)	0.824	-0.209	0.477	-46.997	17.395	-11.047	-32.44	-54.54	-107.86	-5.233	-22.380	15.180	-0.62314	0.47253	0.19113	0.59311	25.5	null	null	13113	75
2026-05-27T14:15:27.134	WT901BLE68(F3:F0:16:BF:DC:AE)	0.813	-0.327	0.505	-24.902	13.733	-3.479	-33.90	-53.70	-111.48	-5.233	-22.380	15.180	-0.62314	0.47253	0.19113	0.59311	25.5	null	null	13113	75
2026-05-27T14:15:27.250	WT901BLE68(F3:F0:16:BF:DC:AE)	0.882	-0.198	0.364	-32.043	12.451	4.822	-34.45	-52.46	-115.04	-8.120	-32.353	11.460	-0.62314	0.47253	0.19113	0.59311	25.5	null	null	13113	75
2026-05-27T14:15:27.341	WT901BLE68(F3:F0:16:BF:DC:AE)	0.766	-0.477	0.536	-18.250	-2.075	-5.615	-37.09	-52.41	-116.50	-8.120	-32.353	11.460	-0.33295	0.50391	-0.01840	0.79672	25.5	null	null	13113	75
2026-05-27T14:15:27.462	WT901BLE68(F3:F0:16:BF:DC:AE)	0.814	-0.358	0.432	-10.071	-9.033	-2.075	-38.70	-53.18	-116.86	-8.120	-32.353	11.460	-0.33295	0.50391	-0.01840	0.79672	25.5	null	null	13113	75
2026-05-27T14:15:27.519	WT901BLE68(F3:F0:16:BF:DC:AE)	0.883	-0.310	0.495	-15.991	5.859	0.305	-39.59	-53.28	-117.15	-8.120	-32.353	11.460	-0.33295	0.50391	-0.01840	0.79672	25.5	null	null	13113	75
2026-05-27T14:15:27.642	WT901BLE68(F3:F0:16:BF:DC:AE)	0.777	-0.379	0.417	-33.386	13.428	-13.000	-40.80	-52.88	-120.26	-8.120	-32.353	11.460	-0.33295	0.50391	-0.01840	0.79672	25.5	null	null	13113	75
2026-05-27T14:15:27.761	WT901BLE68(F3:F0:16:BF:DC:AE)	0.800	-0.394	0.428	-29.968	15.747	-14.954	-40.82	-52.83	-124.06	-8.120	-32.353	11.460	-0.33295	0.50391	-0.01840	0.79672	25.5	null	null	13113	75
2026-05-27T14:15:27.852	WT901BLE68(F3:F0:16:BF:DC:AE)	0.814	-0.419	0.479	-12.878	14.587	-18.188	-39.57	-52.87	-127.98	-8.120	-32.353	11.460	-0.33295	0.50391	-0.01840	0.79672	25.5	null	null	13113	75
2026-05-27T14:15:27.940	WT901BLE68(F3:F0:16:BF:DC:AE)	0.779	-0.428	0.454	-19.531	18.005	-19.958	-37.48	-52.83	-132.14	-8.120	-32.353	11.460	-0.33295	0.50391	-0.01840	0.79672	25.5	null	null	13113	75
2026-05-27T14:15:28.062	WT901BLE68(F3:F0:16:BF:DC:AE)	0.813	-0.257	0.516	-20.630	27.466	-34.302	-34.89	-52.42	-137.83	-8.120	-32.353	11.460	-0.33295	0.50391	-0.01840	0.79672	25.5	null	null	13113	75
2026-05-27T14:15:28.121	WT901BLE68(F3:F0:16:BF:DC:AE)	0.918	-0.383	0.542	-67.383	25.757	-55.786	-32.03	-52.73	-146.42	-10.233	-38.600	7.107	-0.33295	0.50391	-0.01840	0.79672	25.5	null	null	13113	75
2026-05-27T14:15:28.240	WT901BLE68(F3:F0:16:BF:DC:AE)	0.802	-0.371	0.261	-39.185	8.728	-48.523	-31.92	-54.39	-154.12	-10.233	-38.600	7.107	-0.33295	0.50391	-0.01840	0.79672	25.5	null	null	13113	75
2026-05-27T14:15:28.330	WT901BLE68(F3:F0:16:BF:DC:AE)	0.835	-0.294	0.487	-42.786	23.621	-33.875	-31.28	-55.17	-160.36	-10.233	-38.600	7.107	-0.05542	0.48373	-0.14337	0.86154	25.5	null	null	13113	75
2026-05-27T14:15:28.452	WT901BLE68(F3:F0:16:BF:DC:AE)	0.826	-0.220	0.524	-30.823	13.550	-34.302	-27.60	-55.37	-166.34	-10.233	-38.600	7.107	-0.05542	0.48373	-0.14337	0.86154	25.5	null	null	13113	75
2026-05-27T14:15:28.540	WT901BLE68(F3:F0:16:BF:DC:AE)	0.861	-0.116	0.580	-18.311	12.207	-31.799	-22.37	-56.05	-172.61	-10.233	-38.600	7.107	-0.05542	0.48373	-0.14337	0.86154	25.5	null	null	13113	75
2026-05-27T14:15:28.662	WT901BLE68(F3:F0:16:BF:DC:AE)	0.818	-0.173	0.506	-4.089	9.949	-27.100	-18.21	-55.87	-177.14	-10.233	-38.600	7.107	-0.05542	0.48373	-0.14337	0.86154	25.5	null	null	13113	75
2026-05-27T14:15:28.751	WT901BLE68(F3:F0:16:BF:DC:AE)	0.804	-0.164	0.496	-11.108	16.235	-18.738	-15.22	-55.16	179.53	-10.233	-38.600	7.107	-0.05542	0.48373	-0.14337	0.86154	25.5	null	null	13113	75
2026-05-27T14:15:28.871	WT901BLE68(F3:F0:16:BF:DC:AE)	0.770	-0.133	0.529	0.183	15.747	-3.662	-13.90	-53.87	178.39	-10.233	-38.600	7.107	-0.05542	0.48373	-0.14337	0.86154	25.5	null	null	13113	75
2026-05-27T14:15:28.934	WT901BLE68(F3:F0:16:BF:DC:AE)	0.823	-0.187	0.612	-17.517	18.005	2.502	-14.73	-52.34	178.78	-5.227	-39.353	2.380	-0.05542	0.48373	-0.14337	0.86154	25.5	null	null	13113	75
2026-05-27T14:15:29.055	WT901BLE68(F3:F0:16:BF:DC:AE)	0.806	-0.054	0.496	7.935	1.587	0.488	-15.00	-51.28	179.91	-5.227	-39.353	2.380	-0.05542	0.48373	-0.14337	0.86154	25.5	null	null	13113	75
2026-05-27T14:15:29.141	WT901BLE68(F3:F0:16:BF:DC:AE)	0.876	-0.249	0.644	-23.743	-4.761	2.930	-15.77	-51.62	-177.70	-5.227	-39.353	2.380	-0.05542	0.48373	-0.14337	0.86154	25.5	null	null	13113	75
2026-05-27T14:15:29.263	WT901BLE68(F3:F0:16:BF:DC:AE)	0.746	-0.169	0.574	2.930	-8.362	6.714	-17.18	-52.51	-175.81	-5.227	-39.353	2.380	0.04135	0.43527	-0.11783	0.89154	25.5	null	null	13113	75
2026-05-27T14:15:29.350	WT901BLE68(F3:F0:16:BF:DC:AE)	0.797	-0.244	0.652	3.723	1.526	-0.305	-16.92	-52.61	-174.31	-5.227	-39.353	2.380	0.04135	0.43527	-0.11783	0.89154	25.5	null	null	13113	75
2026-05-27T14:15:29.472	WT901BLE68(F3:F0:16:BF:DC:AE)	0.769	-0.098	0.532	1.831	-1.648	-8.301	-16.29	-52.68	-174.62	-5.227	-39.353	2.380	0.04135	0.43527	-0.11783	0.89154	25.5	null	null	13113	75
2026-05-27T14:15:29.532	WT901BLE68(F3:F0:16:BF:DC:AE)	0.836	-0.132	0.591	-2.930	0.977	-5.005	-15.44	-53.09	-174.79	-5.227	-39.353	2.380	0.04135	0.43527	-0.11783	0.89154	25.5	null	null	13113	75
2026-05-27T14:15:29.651	WT901BLE68(F3:F0:16:BF:DC:AE)	0.792	-0.173	0.610	-8.606	2.380	-7.568	-15.38	-53.15	-174.91	-5.227	-39.353	2.380	0.04135	0.43527	-0.11783	0.89154	25.5	null	null	13113	75
2026-05-27T14:15:29.743	WT901BLE68(F3:F0:16:BF:DC:AE)	0.785	-0.092	0.640	-7.324	1.648	-8.911	-15.00	-53.23	-175.37	-5.227	-39.353	2.380	0.04135	0.43527	-0.11783	0.89154	25.5	null	null	13113	75
2026-05-27T14:15:29.860	WT901BLE68(F3:F0:16:BF:DC:AE)	0.677	-0.098	0.463	-15.625	12.817	-8.484	-14.44	-52.54	-176.22	-5.227	-39.353	2.380	0.04135	0.43527	-0.11783	0.89154	25.5	null	null	13113	75
2026-05-27T14:15:29.950	WT901BLE68(F3:F0:16:BF:DC:AE)	0.832	-0.305	0.393	-4.456	14.526	-4.822	-13.82	-51.50	-177.73	-5.353	-41.420	-0.073	0.04135	0.43527	-0.11783	0.89154	25.5	null	null	13113	75
2026-05-27T14:15:30.073	WT901BLE68(F3:F0:16:BF:DC:AE)	0.887	-0.226	0.842	-39.490	-12.390	7.446	-14.90	-52.38	-176.78	-5.353	-41.420	-0.073	0.04135	0.43527	-0.11783	0.89154	25.5	null	null	13113	75
2026-05-27T14:15:30.193	WT901BLE68(F3:F0:16:BF:DC:AE)	0.626	0.066	0.646	13.672	-7.874	6.470	-17.79	-53.16	-173.69	-5.353	-41.420	-0.073	0.03012	0.44519	-0.11502	0.88745	25.5	null	null	13113	75
2026-05-27T14:15:30.282	WT901BLE68(F3:F0:16:BF:DC:AE)	1.111	-0.292	0.538	1.953	-11.658	-23.682	-16.38	-54.05	-176.12	-5.353	-41.420	-0.073	0.03012	0.44519	-0.11502	0.88745	25.5	null	null	13113	75
2026-05-27T14:15:30.341	WT901BLE68(F3:F0:16:BF:DC:AE)	0.755	-0.166	0.457	-7.202	-5.493	-8.911	-13.99	-55.15	-177.87	-5.353	-41.420	-0.073	0.03012	0.44519	-0.11502	0.88745	25.5	null	null	13113	75
2026-05-27T14:15:30.463	WT901BLE68(F3:F0:16:BF:DC:AE)	0.834	-0.078	0.614	11.353	-1.526	4.944	-12.93	-55.83	-177.49	-5.353	-41.420	-0.073	0.03012	0.44519	-0.11502	0.88745	25.5	null	null	13113	75
2026-05-27T14:15:30.552	WT901BLE68(F3:F0:16:BF:DC:AE)	0.813	-0.105	0.582	7.202	-3.357	2.441	-12.86	-55.87	-176.37	-5.353	-41.420	-0.073	0.03012	0.44519	-0.11502	0.88745	25.5	null	null	13113	75
2026-05-27T14:15:30.671	WT901BLE68(F3:F0:16:BF:DC:AE)	0.819	-0.159	0.542	15.808	1.709	6.042	-11.96	-55.93	-175.89	-5.353	-41.420	-0.073	0.03012	0.44519	-0.11502	0.88745	25.5	null	null	13113	75
2026-05-27T14:15:30.763	WT901BLE68(F3:F0:16:BF:DC:AE)	0.770	-0.084	0.532	-5.371	11.841	17.212	-12.99	-54.90	-173.66	-2.673	-42.527	-3.453	0.03012	0.44519	-0.11502	0.88745	25.5	null	null	13113	75
2026-05-27T14:15:30.883	WT901BLE68(F3:F0:16:BF:DC:AE)	0.772	-0.145	0.583	-13.184	16.663	23.499	-15.74	-52.87	-170.77	-2.673	-42.527	-3.453	0.03012	0.44519	-0.11502	0.88745	25.5	null	null	13113	75
2026-05-27T14:15:30.940	WT901BLE68(F3:F0:16:BF:DC:AE)	0.757	-0.273	0.582	-14.221	-3.662	10.559	-18.92	-51.36	-168.62	-2.673	-42.527	-3.453	-0.01648	0.44043	-0.10168	0.89182	25.5	null	null	13113	75
2026-05-27T14:15:31.062	WT901BLE68(F3:F0:16:BF:DC:AE)	0.688	-0.233	0.541	3.052	-12.390	12.817	-21.47	-51.80	-166.39	-2.673	-42.527	-3.453	-0.01648	0.44043	-0.10168	0.89182	25.5	null	null	13113	75
2026-05-27T14:15:31.148	WT901BLE68(F3:F0:16:BF:DC:AE)	0.863	-0.360	0.470	0.732	-5.554	17.883	-22.92	-52.06	-163.08	-2.673	-42.527	-3.453	-0.01648	0.44043	-0.10168	0.89182	25.5	null	null	13113	75
2026-05-27T14:15:31.272	WT901BLE68(F3:F0:16:BF:DC:AE)	0.823	-0.312	0.580	-15.503	-0.488	-2.747	-24.70	-52.08	-162.09	-2.673	-42.527	-3.453	-0.01648	0.44043	-0.10168	0.89182	25.5	null	null	13113	75
2026-05-27T14:15:31.360	WT901BLE68(F3:F0:16:BF:DC:AE)	0.801	-0.229	0.472	-0.305	-5.188	-0.305	-24.93	-52.69	-161.85	-2.673	-42.527	-3.453	-0.01648	0.44043	-0.10168	0.89182	25.5	null	null	13113	75
2026-05-27T14:15:31.483	WT901BLE68(F3:F0:16:BF:DC:AE)	0.802	-0.265	0.552	-7.080	4.150	-0.854	-24.93	-52.98	-162.00	-2.673	-42.527	-3.453	-0.01648	0.44043	-0.10168	0.89182	25.5	null	null	13113	75
2026-05-27T14:15:31.608	WT901BLE68(F3:F0:16:BF:DC:AE)	0.798	-0.285	0.615	-1.831	5.310	1.831	-25.27	-52.49	-162.13	-2.673	-42.527	-3.453	-0.01648	0.44043	-0.10168	0.89182	25.5	null	null	13113	75
2026-05-27T14:15:31.690	WT901BLE68(F3:F0:16:BF:DC:AE)	0.755	-0.295	0.552	-5.920	7.568	-2.869	-25.09	-51.75	-162.53	-7.767	-47.393	-7.820	-0.01648	0.44043	-0.10168	0.89182	25.5	null	null	13113	75
2026-05-27T14:15:31.750	WT901BLE68(F3:F0:16:BF:DC:AE)	0.818	-0.308	0.616	-5.310	10.620	-8.789	-24.49	-50.91	-164.12	-7.767	-47.393	-7.820	-0.01648	0.44043	-0.10168	0.89182	25.5	null	null	13113	75
2026-05-27T14:15:31.871	WT901BLE68(F3:F0:16:BF:DC:AE)	0.835	-0.317	0.675	7.751	-21.851	-16.968	-23.45	-51.59	-165.25	-7.767	-47.393	-7.820	-0.01648	0.44043	-0.10168	0.89182	25.5	null	null	13113	75
2026-05-27T14:15:31.960	WT901BLE68(F3:F0:16:BF:DC:AE)	0.824	-0.062	0.392	39.185	-16.052	-5.615	-21.07	-54.02	-165.28	-7.767	-47.393	-7.820	-0.02435	0.45248	-0.12186	0.88303	25.5	null	null	13113	75
2026-05-27T14:15:32.080	WT901BLE68(F3:F0:16:BF:DC:AE)	0.879	-0.286	0.636	-8.362	5.188	-11.902	-19.65	-54.35	-166.17	-7.767	-47.393	-7.820	-0.02435	0.45248	-0.12186	0.88303	25.5	null	null	13113	75
2026-05-27T14:15:32.174	WT901BLE68(F3:F0:16:BF:DC:AE)	0.855	-0.212	0.591	24.109	-4.639	-3.296	-18.73	-54.41	-167.38	-7.767	-47.393	-7.820	-0.02435	0.45248	-0.12186	0.88303	25.5	null	null	13113	75
2026-05-27T14:15:32.291	WT901BLE68(F3:F0:16:BF:DC:AE)	0.784	-0.192	0.478	24.536	-2.563	4.761	-16.77	-54.63	-167.07	-7.767	-47.393	-7.820	-0.02435	0.45248	-0.12186	0.88303	25.5	null	null	13113	75
2026-05-27T14:15:32.349	WT901BLE68(F3:F0:16:BF:DC:AE)	0.782	-0.121	0.595	11.597	-1.404	2.991	-16.41	-54.59	-166.47	-7.767	-47.393	-7.820	-0.02435	0.45248	-0.12186	0.88303	25.5	null	null	13113	75
2026-05-27T14:15:32.470	WT901BLE68(F3:F0:16:BF:DC:AE)	0.796	-0.125	0.510	11.536	1.099	5.005	-15.72	-54.54	-166.07	-7.767	-47.393	-7.820	-0.02435	0.45248	-0.12186	0.88303	25.5	null	null	13113	75
2026-05-27T14:15:32.561	WT901BLE68(F3:F0:16:BF:DC:AE)	0.804	-0.177	0.551	-8.423	9.338	12.207	-16.64	-53.72	-165.11	-7.767	-47.393	-7.820	-0.02435	0.45248	-0.12186	0.88303	25.5	null	null	13113	75
2026-05-27T14:15:32.682	WT901BLE68(F3:F0:16:BF:DC:AE)	0.847	-0.134	0.707	-10.498	13.367	15.015	-18.75	-52.34	-163.87	-4.260	-45.413	-7.260	-0.02435	0.45248	-0.12186	0.88303	25.5	null	null	13113	75
2026-05-27T14:15:32.770	WT901BLE68(F3:F0:16:BF:DC:AE)	0.802	-0.250	0.631	-8.789	5.066	10.010	-20.79	-50.94	-163.05	-4.260	-45.413	-7.260	-0.05365	0.44385	-0.09576	0.88928	25.5	null	null	13113	75
2026-05-27T14:15:32.892	WT901BLE68(F3:F0:16:BF:DC:AE)	0.738	-0.260	0.620	10.559	-9.949	13.245	-22.04	-50.91	-161.15	-4.260	-45.413	-7.260	-0.05365	0.44385	-0.09576	0.88928	25.5	null	null	13113	75
2026-05-27T14:15:32.978	WT901BLE68(F3:F0:16:BF:DC:AE)	0.827	-0.281	0.625	18.982	-7.263	10.925	-22.15	-51.39	-159.10	-4.260	-45.413	-7.260	-0.05365	0.44385	-0.09576	0.88928	25.5	null	null	13113	75
2026-05-27T14:15:33.101	WT901BLE68(F3:F0:16:BF:DC:AE)	0.803	-0.250	0.509	4.822	-8.545	-4.700	-21.65	-51.88	-158.86	-4.260	-45.413	-7.260	-0.05365	0.44385	-0.09576	0.88928	25.5	null	null	13113	75
2026-05-27T14:15:33.162	WT901BLE68(F3:F0:16:BF:DC:AE)	0.832	-0.140	0.542	11.719	-7.324	-0.183	-20.70	-52.89	-158.66	-4.260	-45.413	-7.260	-0.05365	0.44385	-0.09576	0.88928	25.5	null	null	13113	75
2026-05-27T14:15:33.279	WT901BLE68(F3:F0:16:BF:DC:AE)	0.797	-0.229	0.536	-4.761	0.366	0.977	-21.15	-53.28	-158.97	-4.260	-45.413	-7.260	-0.05365	0.44385	-0.09576	0.88928	25.5	null	null	13113	75
2026-05-27T14:15:33.370	WT901BLE68(F3:F0:16:BF:DC:AE)	0.797	-0.200	0.642	-6.348	4.517	-1.038	-21.71	-53.04	-159.61	-4.260	-45.413	-7.260	-0.05365	0.44385	-0.09576	0.88928	25.5	null	null	13113	75
2026-05-27T14:15:33.492	WT901BLE68(F3:F0:16:BF:DC:AE)	0.806	-0.197	0.627	-4.517	11.658	-2.136	-21.13	-52.49	-160.88	-4.260	-45.413	-7.260	-0.05365	0.44385	-0.09576	0.88928	25.5	null	null	13113	75
2026-05-27T14:15:33.584	WT901BLE68(F3:F0:16:BF:DC:AE)	0.758	-0.215	0.631	-9.644	8.789	-5.249	-20.52	-51.48	-162.37	-5.320	-47.787	-10.527	-0.05365	0.44385	-0.09576	0.88928	25.5	null	null	13113	75
2026-05-27T14:15:33.701	WT901BLE68(F3:F0:16:BF:DC:AE)	0.765	-0.253	0.607	4.272	-13.916	-10.864	-20.42	-52.01	-164.07	-5.320	-47.787	-10.527	-0.05365	0.44385	-0.09576	0.88928	25.5	null	null	13113	75
2026-05-27T14:15:33.758	WT901BLE68(F3:F0:16:BF:DC:AE)	0.784	-0.146	0.388	42.297	-15.991	-9.888	-17.00	-53.99	-165.28	-5.320	-47.787	-10.527	-0.04422	0.45636	-0.08832	0.88425	25.5	null	null	13113	75
2026-05-27T14:15:33.882	WT901BLE68(F3:F0:16:BF:DC:AE)	0.855	-0.231	0.458	-11.536	4.639	-4.272	-15.37	-54.49	-166.70	-5.320	-47.787	-10.527	-0.04422	0.45636	-0.08832	0.88425	25.5	null	null	13113	75
2026-05-27T14:15:33.969	WT901BLE68(F3:F0:16:BF:DC:AE)	0.846	-0.070	0.608	-5.066	-4.639	-5.127	-16.29	-54.79	-167.94	-5.320	-47.787	-10.527	-0.04422	0.45636	-0.08832	0.88425	25.5	null	null	13113	75
2026-05-27T14:15:34.088	WT901BLE68(F3:F0:16:BF:DC:AE)	0.834	-0.127	0.476	11.230	-9.583	1.770	-15.36	-55.67	-168.41	-5.320	-47.787	-10.527	-0.04422	0.45636	-0.08832	0.88425	25.5	null	null	13113	75
2026-05-27T14:15:34.183	WT901BLE68(F3:F0:16:BF:DC:AE)	0.841	-0.216	0.656	-4.456	-1.038	4.150	-15.73	-55.97	-168.45	-5.320	-47.787	-10.527	-0.04422	0.45636	-0.08832	0.88425	25.5	null	null	13113	75
2026-05-27T14:15:34.301	WT901BLE68(F3:F0:16:BF:DC:AE)	0.785	-0.098	0.637	-1.160	4.700	5.066	-16.92	-55.43	-168.59	-5.320	-47.787	-10.527	-0.04422	0.45636	-0.08832	0.88425	25.5	null	null	13113	75
2026-05-27T14:15:34.392	WT901BLE68(F3:F0:16:BF:DC:AE)	0.815	-0.131	0.604	0.610	9.705	9.094	-17.69	-54.24	-168.54	0.280	-47.940	-13.820	-0.04422	0.45636	-0.08832	0.88425	25.5	null	null	13113	75
2026-05-27T14:15:34.541	WT901BLE68(F3:F0:16:BF:DC:AE)	0.775	-0.222	0.598	1.587	12.451	15.991	-18.64	-52.59	-167.75	0.280	-47.940	-13.820	-0.04422	0.45636	-0.08832	0.88425	25.5	null	null	13113	75
2026-05-27T14:15:34.568	WT901BLE68(F3:F0:16:BF:DC:AE)	0.809	-0.229	0.632	-0.366	3.845	15.503	-20.10	-51.36	-166.47	0.280	-47.940	-13.820	-0.02826	0.44302	-0.10474	0.88986	25.5	null	null	13113	75
2026-05-27T14:15:34.693	WT901BLE68(F3:F0:16:BF:DC:AE)	0.810	-0.251	0.504	17.639	-6.897	6.836	-20.79	-51.15	-165.43	0.280	-47.940	-13.820	-0.02826	0.44302	-0.10474	0.88986	25.5	null	null	13113	75
2026-05-27T14:15:34.780	WT901BLE68(F3:F0:16:BF:DC:AE)	0.877	-0.239	0.525	20.569	-7.263	11.169	-19.97	-51.75	-163.79	0.280	-47.940	-13.820	-0.02826	0.44302	-0.10474	0.88986	25.5	null	null	13113	75
2026-05-27T14:15:34.900	WT901BLE68(F3:F0:16:BF:DC:AE)	0.868	-0.261	0.522	12.390	-12.512	4.883	-20.13	-52.61	-162.45	0.280	-47.940	-13.820	-0.02826	0.44302	-0.10474	0.88986	25.5	null	null	13113	75
2026-05-27T14:15:34.991	WT901BLE68(F3:F0:16:BF:DC:AE)	0.790	-0.174	0.465	9.766	-4.333	5.859	-20.18	-53.26	-161.76	0.280	-47.940	-13.820	-0.02826	0.44302	-0.10474	0.88986	25.5	null	null	13113	75
2026-05-27T14:15:35.112	WT901BLE68(F3:F0:16:BF:DC:AE)	0.821	-0.191	0.569	-8.972	6.287	-0.549	-20.86	-53.12	-162.14	0.280	-47.940	-13.820	-0.02826	0.44302	-0.10474	0.88986	25.5	null	null	13113	75
2026-05-27T14:15:35.168	WT901BLE68(F3:F0:16:BF:DC:AE)	0.805	-0.223	0.538	-9.216	1.892	-3.296	-21.52	-52.76	-163.51	0.280	-47.940	-13.820	-0.02826	0.44302	-0.10474	0.88986	25.5	null	null	13113	75
2026-05-27T14:15:35.292	WT901BLE68(F3:F0:16:BF:DC:AE)	0.787	-0.163	0.593	-11.292	2.380	-5.371	-21.76	-52.87	-164.67	0.280	-47.940	-13.820	-0.02826	0.44302	-0.10474	0.88986	25.5	null	null	13113	75
2026-05-27T14:15:35.379	WT901BLE68(F3:F0:16:BF:DC:AE)	0.768	-0.167	0.610	-13.489	10.315	-9.827	-21.46	-52.58	-166.64	-0.293	-52.333	-12.847	-0.02826	0.44302	-0.10474	0.88986	25.5	null	null	13113	75
2026-05-27T14:15:35.504	WT901BLE68(F3:F0:16:BF:DC:AE)	0.858	-0.169	0.651	-16.663	16.235	-12.451	-20.93	-51.54	-169.44	-0.293	-52.333	-12.847	-0.02826	0.44302	-0.10474	0.88986	25.5	null	null	13113	75
2026-05-27T14:15:35.591	WT901BLE68(F3:F0:16:BF:DC:AE)	0.845	-0.280	0.617	-7.202	-2.502	-17.761	-20.23	-51.48	-172.77	-0.293	-52.333	-12.847	0.00693	0.43677	-0.12888	0.89020	25.5	null	null	13113	75
2026-05-27T14:15:35.711	WT901BLE68(F3:F0:16:BF:DC:AE)	0.821	-0.107	0.481	-15.137	-10.437	-17.029	-19.70	-53.26	-175.05	-0.293	-52.333	-12.847	0.00693	0.43677	-0.12888	0.89020	25.5	null	null	13113	75
2026-05-27T14:15:35.802	WT901BLE68(F3:F0:16:BF:DC:AE)	0.855	-0.196	0.404	-26.550	0.732	-23.132	-19.51	-54.65	-178.32	-0.293	-52.333	-12.847	0.00693	0.43677	-0.12888	0.89020	25.5	null	null	13113	75
2026-05-27T14:15:35.921	WT901BLE68(F3:F0:16:BF:DC:AE)	0.854	-0.141	0.612	-26.733	-0.183	-26.245	-19.15	-55.77	177.32	-0.293	-52.333	-12.847	0.00693	0.43677	-0.12888	0.89020	25.5	null	null	13113	75
2026-05-27T14:15:35.980	WT901BLE68(F3:F0:16:BF:DC:AE)	0.805	-0.146	0.466	-37.048	2.258	-25.513	-17.76	-56.63	172.48	-0.293	-52.333	-12.847	0.00693	0.43677	-0.12888	0.89020	25.5	null	null	13113	75
2026-05-27T14:15:36.101	WT901BLE68(F3:F0:16:BF:DC:AE)	0.864	-0.104	0.467	-39.673	8.545	-24.109	-17.35	-56.95	167.87	-0.293	-52.333	-12.847	0.00693	0.43677	-0.12888	0.89020	25.5	null	null	13113	75
2026-05-27T14:15:36.189	WT901BLE68(F3:F0:16:BF:DC:AE)	0.846	-0.114	0.505	-39.063	10.437	-23.071	-17.68	-56.92	163.28	12.400	-45.693	-24.613	0.00693	0.43677	-0.12888	0.89020	25.5	null	null	13113	75
2026-05-27T14:15:36.313	WT901BLE68(F3:F0:16:BF:DC:AE)	0.794	-0.208	0.492	-33.813	7.813	-18.494	-18.63	-56.78	159.15	12.400	-45.693	-24.613	0.00693	0.43677	-0.12888	0.89020	25.5	null	null	13113	75
2026-05-27T14:15:36.399	WT901BLE68(F3:F0:16:BF:DC:AE)	0.826	-0.188	0.499	-28.625	3.906	-17.883	-19.47	-56.77	155.80	12.400	-45.693	-24.613	0.25369	0.42889	-0.23917	0.83328	25.5	null	null	13113	75
2026-05-27T14:15:36.522	WT901BLE68(F3:F0:16:BF:DC:AE)	0.813	-0.223	0.564	-24.170	4.761	-14.465	-19.86	-57.00	152.85	12.400	-45.693	-24.613	0.25369	0.42889	-0.23917	0.83328	25.5	null	null	13113	75
2026-05-27T14:15:36.579	WT901BLE68(F3:F0:16:BF:DC:AE)	0.845	-0.176	0.539	-27.222	3.662	-12.939	-20.51	-57.01	150.53	12.400	-45.693	-24.613	0.25369	0.42889	-0.23917	0.83328	25.5	null	null	13113	75
2026-05-27T14:15:36.704	WT901BLE68(F3:F0:16:BF:DC:AE)	0.894	-0.224	0.538	-24.048	7.568	-11.780	-20.96	-57.05	148.19	12.400	-45.693	-24.613	0.25369	0.42889	-0.23917	0.83328	25.5	null	null	13113	75
2026-05-27T14:15:36.788	WT901BLE68(F3:F0:16:BF:DC:AE)	0.815	-0.208	0.481	-24.963	2.930	-12.695	-21.31	-57.12	145.88	12.400	-45.693	-24.613	0.25369	0.42889	-0.23917	0.83328	25.5	null	null	13113	75
2026-05-27T14:15:36.914	WT901BLE68(F3:F0:16:BF:DC:AE)	0.840	-0.235	0.503	-21.057	2.991	-8.606	-21.60	-57.30	144.26	12.400	-45.693	-24.613	0.25369	0.42889	-0.23917	0.83328	25.5	null	null	13113	75
2026-05-27T14:15:36.999	WT901BLE68(F3:F0:16:BF:DC:AE)	0.848	-0.198	0.547	-16.113	4.578	-6.653	-22.27	-57.19	143.32	12.400	-45.693	-24.613	0.25369	0.42889	-0.23917	0.83328	25.5	null	null	13113	75
2026-05-27T14:15:37.122	WT901BLE68(F3:F0:16:BF:DC:AE)	0.836	-0.197	0.445	-23.682	3.845	-6.592	-23.44	-57.02	142.25	12.400	-45.693	-24.613	0.25369	0.42889	-0.23917	0.83328	25.5	null	null	13113	75
2026-05-27T14:15:37.178	WT901BLE68(F3:F0:16:BF:DC:AE)	0.837	-0.290	0.528	-24.536	4.700	-5.798	-24.76	-56.95	141.21	19.913	-31.907	-33.660	0.25369	0.42889	-0.23917	0.83328	25.5	null	null	13113	75
2026-05-27T14:15:37.329	WT901BLE68(F3:F0:16:BF:DC:AE)	0.861	-0.211	0.530	-19.165	5.676	-0.854	-26.03	-56.66	140.66	19.913	-31.907	-33.660	0.38751	0.37079	-0.33972	0.77252	25.5	null	null	13113	75
2026-05-27T14:15:37.389	WT901BLE68(F3:F0:16:BF:DC:AE)	0.854	-0.223	0.489	-14.648	3.967	3.418	-27.66	-56.12	140.84	19.913	-31.907	-33.660	0.38751	0.37079	-0.33972	0.77252	25.5	null	null	13113	75
2026-05-27T14:15:37.511	WT901BLE68(F3:F0:16:BF:DC:AE)	0.786	-0.239	0.467	-15.442	2.136	5.981	-29.10	-55.79	141.77	19.913	-31.907	-33.660	0.38751	0.37079	-0.33972	0.77252	25.5	null	null	13113	75
2026-05-27T14:15:37.602	WT901BLE68(F3:F0:16:BF:DC:AE)	0.783	-0.274	0.483	-7.690	-5.798	11.536	-31.27	-55.44	144.08	19.913	-31.907	-33.660	0.38751	0.37079	-0.33972	0.77252	25.5	null	null	13113	75
2026-05-27T14:15:37.722	WT901BLE68(F3:F0:16:BF:DC:AE)	0.825	-0.247	0.502	-2.502	-7.080	14.282	-33.59	-55.47	147.35	19.913	-31.907	-33.660	0.38751	0.37079	-0.33972	0.77252	25.5	null	null	13113	75
2026-05-27T14:15:37.810	WT901BLE68(F3:F0:16:BF:DC:AE)	0.833	-0.337	0.456	-10.864	0.183	11.536	-35.71	-54.94	149.65	19.913	-31.907	-33.660	0.38751	0.37079	-0.33972	0.77252	25.5	null	null	13113	75
2026-05-27T14:15:37.931	WT901BLE68(F3:F0:16:BF:DC:AE)	0.797	-0.358	0.519	-21.179	7.202	7.813	-37.86	-54.06	150.94	19.913	-31.907	-33.660	0.38751	0.37079	-0.33972	0.77252	25.5	null	null	13113	75
2026-05-27T14:15:37.991	WT901BLE68(F3:F0:16:BF:DC:AE)	0.784	-0.410	0.405	-10.742	13.367	4.944	-39.20	-52.73	151.31	17.227	-33.547	-36.227	0.38751	0.37079	-0.33972	0.77252	25.5	null	null	13113	75
2026-05-27T14:15:38.112	WT901BLE68(F3:F0:16:BF:DC:AE)	0.767	-0.330	0.491	-20.325	18.250	-3.601	-38.95	-51.59	150.36	17.227	-33.547	-36.227	0.38751	0.37079	-0.33972	0.77252	25.5	null	null	13113	75
2026-05-27T14:15:38.202	WT901BLE68(F3:F0:16:BF:DC:AE)	0.788	-0.462	0.504	-32.898	20.630	-15.564	-38.70	-50.73	147.76	17.227	-33.547	-36.227	0.38751	0.37079	-0.33972	0.77252	25.5	null	null	13113	75
2026-05-27T14:15:38.321	WT901BLE68(F3:F0:16:BF:DC:AE)	0.738	-0.334	0.496	-43.030	18.616	-25.208	-37.95	-50.50	143.81	17.227	-33.547	-36.227	0.37747	0.30203	-0.40128	0.77789	25.5	null	null	13113	75
2026-05-27T14:15:38.411	WT901BLE68(F3:F0:16:BF:DC:AE)	0.792	-0.498	0.495	-42.297	22.644	-31.372	-37.03	-50.43	139.13	17.227	-33.547	-36.227	0.37747	0.30203	-0.40128	0.77789	25.5	null	null	13113	75
2026-05-27T14:15:38.531	WT901BLE68(F3:F0:16:BF:DC:AE)	0.885	-0.368	0.546	-52.979	29.846	-38.696	-36.80	-50.33	133.52	17.227	-33.547	-36.227	0.37747	0.30203	-0.40128	0.77789	25.5	null	null	13113	75
2026-05-27T14:15:38.622	WT901BLE68(F3:F0:16:BF:DC:AE)	0.795	-0.493	0.583	-42.847	28.076	-41.077	-36.15	-50.25	126.80	17.227	-33.547	-36.227	0.37747	0.30203	-0.40128	0.77789	25.5	null	null	13113	75
2026-05-27T14:15:38.739	WT901BLE68(F3:F0:16:BF:DC:AE)	0.774	-0.411	0.516	-47.363	30.579	-48.401	-34.65	-50.37	119.53	17.227	-33.547	-36.227	0.37747	0.30203	-0.40128	0.77789	25.5	null	null	13113	75
2026-05-27T14:15:38.801	WT901BLE68(F3:F0:16:BF:DC:AE)	0.808	-0.372	0.493	-63.049	25.635	-61.157	-32.81	-50.92	111.16	17.227	-33.547	-36.227	0.37747	0.30203	-0.40128	0.77789	25.5	null	null	13113	75
2026-05-27T14:15:38.922	WT901BLE68(F3:F0:16:BF:DC:AE)	0.741	-0.316	0.532	-52.979	14.954	-70.129	-29.81	-52.61	101.93	17.227	-33.547	-36.227	0.37747	0.30203	-0.40128	0.77789	25.5	null	null	13113	75
2026-05-27T14:15:39.009	WT901BLE68(F3:F0:16:BF:DC:AE)	0.815	-0.191	0.455	-47.974	10.986	-73.853	-25.47	-54.75	91.33	21.340	-3.727	-23.227	0.37747	0.30203	-0.40128	0.77789	25.5	null	null	13113	75
2026-05-27T14:15:39.134	WT901BLE68(F3:F0:16:BF:DC:AE)	0.834	-0.265	0.388	-75.684	22.583	-68.420	-22.28	-56.11	79.70	21.340	-3.727	-23.227	0.37747	0.30203	-0.40128	0.77789	25.5	null	null	13113	75
2026-05-27T14:15:39.219	WT901BLE68(F3:F0:16:BF:DC:AE)	0.849	-0.123	0.512	-67.688	20.081	-59.631	-19.71	-56.49	68.93	21.340	-3.727	-23.227	0.74121	0.15240	-0.46774	0.45660	25.5	null	null	13113	75
2026-05-27T14:15:39.342	WT901BLE68(F3:F0:16:BF:DC:AE)	0.844	-0.034	0.485	-53.833	18.005	-64.148	-15.01	-56.78	57.85	21.340	-3.727	-23.227	0.74121	0.15240	-0.46774	0.45660	25.5	null	null	13113	75
2026-05-27T14:15:39.400	WT901BLE68(F3:F0:16:BF:DC:AE)	0.926	-0.288	0.651	-79.895	3.052	-50.781	-12.33	-57.74	46.53	21.340	-3.727	-23.227	0.74121	0.15240	-0.46774	0.45660	25.5	null	null	13113	75
2026-05-27T14:15:39.520	WT901BLE68(F3:F0:16:BF:DC:AE)	0.846	-0.067	0.621	-38.269	2.747	-32.166	-11.42	-58.10	38.42	21.340	-3.727	-23.227	0.74121	0.15240	-0.46774	0.45660	25.5	null	null	13113	75
2026-05-27T14:15:39.611	WT901BLE68(F3:F0:16:BF:DC:AE)	0.894	-0.040	0.583	-9.460	0.427	-10.010	-9.31	-58.28	34.24	21.340	-3.727	-23.227	0.74121	0.15240	-0.46774	0.45660	25.5	null	null	13113	75
2026-05-27T14:15:39.733	WT901BLE68(F3:F0:16:BF:DC:AE)	0.874	-0.026	0.734	-22.339	7.446	-11.963	-7.53	-57.71	29.72	21.340	-3.727	-23.227	0.74121	0.15240	-0.46774	0.45660	25.5	null	null	13113	75
2026-05-27T14:15:39.821	WT901BLE68(F3:F0:16:BF:DC:AE)	0.813	-0.092	0.631	15.564	-1.404	-1.831	-5.43	-57.35	28.22	2.627	17.807	-2.467	0.74121	0.15240	-0.46774	0.45660	25.5	null	null	13113	75
2026-05-27T14:15:39.942	WT901BLE68(F3:F0:16:BF:DC:AE)	0.857	-0.073	0.568	-2.563	-6.653	2.441	-6.00	-57.71	28.22	2.627	17.807	-2.467	0.74121	0.15240	-0.46774	0.45660	25.5	null	null	13113	75
2026-05-27T14:15:40.029	WT901BLE68(F3:F0:16:BF:DC:AE)	0.882	-0.135	0.485	16.968	-0.610	12.390	-6.36	-58.01	29.40	2.627	17.807	-2.467	0.85196	0.07471	-0.48102	0.19269	25.5	null	null	13113	75
2026-05-27T14:15:40.156	WT901BLE68(F3:F0:16:BF:DC:AE)	0.862	-0.121	0.468	13.977	11.719	11.658	-5.94	-56.84	31.57	2.627	17.807	-2.467	0.85196	0.07471	-0.48102	0.19269	25.5	null	null	13113	75
2026-05-27T14:15:40.208	WT901BLE68(F3:F0:16:BF:DC:AE)	0.782	-0.348	0.644	-55.969	24.414	19.043	-9.33	-54.95	33.80	2.627	17.807	-2.467	0.85196	0.07471	-0.48102	0.19269	25.5	null	null	13113	75
2026-05-27T14:15:40.331	WT901BLE68(F3:F0:16:BF:DC:AE)	0.803	-0.097	0.596	-17.090	8.118	-11.780	-8.98	-54.72	32.50	2.627	17.807	-2.467	0.85196	0.07471	-0.48102	0.19269	25.5	null	null	13113	75
2026-05-27T14:15:40.421	WT901BLE68(F3:F0:16:BF:DC:AE)	0.794	-0.043	0.582	-13.306	3.540	-7.019	-9.10	-54.40	30.90	2.627	17.807	-2.467	0.85196	0.07471	-0.48102	0.19269	25.5	null	null	13113	75
2026-05-27T14:15:40.541	WT901BLE68(F3:F0:16:BF:DC:AE)	0.812	-0.009	0.565	-6.470	1.770	-7.019	-8.79	-54.39	29.44	2.627	17.807	-2.467	0.85196	0.07471	-0.48102	0.19269	25.5	null	null	13113	75
2026-05-27T14:15:40.661	WT901BLE68(F3:F0:16:BF:DC:AE)	0.806	0.033	0.614	-9.155	0.977	-3.235	-8.56	-54.31	28.81	2.627	17.807	-2.467	0.85196	0.07471	-0.48102	0.19269	25.5	null	null	13113	75
2026-05-27T14:15:40.749	WT901BLE68(F3:F0:16:BF:DC:AE)	0.817	-0.114	0.577	-8.423	3.296	0.244	-8.87	-54.06	28.15	2.927	15.093	-4.793	0.85196	0.07471	-0.48102	0.19269	25.5	null	null	13113	75
2026-05-27T14:15:40.811	WT901BLE68(F3:F0:16:BF:DC:AE)	0.892	-0.163	0.571	-15.076	-8.118	-6.531	-9.79	-54.21	27.56	2.927	15.093	-4.793	0.85196	0.07471	-0.48102	0.19269	25.5	null	null	13113	75
2026-05-27T14:15:40.930	WT901BLE68(F3:F0:16:BF:DC:AE)	0.839	0.008	0.471	11.108	-7.385	-6.348	-9.35	-55.49	27.11	2.927	15.093	-4.793	0.85196	0.07471	-0.48102	0.19269	25.5	null	null	13113	75
2026-05-27T14:15:41.019	WT901BLE68(F3:F0:16:BF:DC:AE)	0.803	-0.177	0.428	-19.775	4.456	-1.404	-8.71	-55.72	26.79	2.927	15.093	-4.793	0.86554	0.04312	-0.46863	0.17102	25.5	null	null	13113	75
2026-05-27T14:15:41.142	WT901BLE68(F3:F0:16:BF:DC:AE)	0.855	-0.063	0.631	4.883	0.244	4.944	-9.08	-55.65	26.95	2.927	15.093	-4.793	0.86554	0.04312	-0.46863	0.17102	25.5	null	null	13113	75
2026-05-27T14:15:41.229	WT901BLE68(F3:F0:16:BF:DC:AE)	0.814	-0.080	0.491	-2.319	3.967	5.676	-9.09	-55.31	28.05	2.927	15.093	-4.793	0.86554	0.04312	-0.46863	0.17102	25.5	null	null	13113	75
2026-05-27T14:15:41.352	WT901BLE68(F3:F0:16:BF:DC:AE)	0.787	-0.081	0.496	-17.944	3.662	10.315	-11.12	-54.90	29.72	2.927	15.093	-4.793	0.86554	0.04312	-0.46863	0.17102	25.5	null	null	13113	75
2026-05-27T14:15:41.441	WT901BLE68(F3:F0:16:BF:DC:AE)	0.761	-0.150	0.642	-10.376	4.761	17.944	-14.57	-54.24	32.07	2.927	15.093	-4.793	0.86554	0.04312	-0.46863	0.17102	25.5	null	null	13113	75
2026-05-27T14:15:41.561	WT901BLE68(F3:F0:16:BF:DC:AE)	0.763	-0.161	0.678	1.953	5.859	25.574	-17.47	-53.15	35.90	2.927	15.093	-4.793	0.86554	0.04312	-0.46863	0.17102	25.5	null	null	13113	75
2026-05-27T14:15:41.620	WT901BLE68(F3:F0:16:BF:DC:AE)	0.798	-0.211	0.590	6.104	0.732	22.888	-19.45	-51.88	40.14	6.660	8.600	-4.380	0.86554	0.04312	-0.46863	0.17102	25.5	null	null	13113	75
2026-05-27T14:15:41.741	WT901BLE68(F3:F0:16:BF:DC:AE)	0.838	-0.167	0.594	27.222	-15.869	23.254	-20.97	-51.63	45.15	6.660	8.600	-4.380	0.86554	0.04312	-0.46863	0.17102	25.5	null	null	13113	75
2026-05-27T14:15:41.833	WT901BLE68(F3:F0:16:BF:DC:AE)	0.760	-0.283	0.513	40.588	-21.606	21.240	-20.74	-52.60	51.10	6.660	8.600	-4.380	0.83685	0.03146	-0.46088	0.29352	25.5	null	null	13113	75
2026-05-27T14:15:41.953	WT901BLE68(F3:F0:16:BF:DC:AE)	0.791	-0.228	0.464	31.799	-11.597	23.743	-20.67	-53.51	57.64	6.660	8.600	-4.380	0.83685	0.03146	-0.46088	0.29352	25.5	null	null	13113	75
2026-05-27T14:15:42.039	WT901BLE68(F3:F0:16:BF:DC:AE)	0.796	-0.313	0.508	2.014	-5.127	5.737	-21.71	-53.69	62.55	6.660	8.600	-4.380	0.83685	0.03146	-0.46088	0.29352	25.5	null	null	13113	75
2026-05-27T14:15:42.163	WT901BLE68(F3:F0:16:BF:DC:AE)	0.775	-0.196	0.509	16.602	-8.850	7.263	-22.18	-54.07	65.93	6.660	8.600	-4.380	0.83685	0.03146	-0.46088	0.29352	25.5	null	null	13113	75
2026-05-27T14:15:42.218	WT901BLE68(F3:F0:16:BF:DC:AE)	0.813	-0.236	0.571	1.221	-0.549	-0.977	-21.80	-54.36	68.65	6.660	8.600	-4.380	0.83685	0.03146	-0.46088	0.29352	25.5	null	null	13113	75
2026-05-27T14:15:42.339	WT901BLE68(F3:F0:16:BF:DC:AE)	0.813	-0.156	0.606	-0.977	4.700	-11.475	-20.69	-54.38	69.30	6.660	8.600	-4.380	0.83685	0.03146	-0.46088	0.29352	25.5	null	null	13113	75
2026-05-27T14:15:42.434	WT901BLE68(F3:F0:16:BF:DC:AE)	0.816	-0.197	0.584	-4.395	4.639	-16.357	-18.83	-54.35	68.38	6.660	8.600	-4.380	0.83685	0.03146	-0.46088	0.29352	25.5	null	null	13113	75
2026-05-27T14:15:42.551	WT901BLE68(F3:F0:16:BF:DC:AE)	0.800	-0.183	0.539	-11.658	9.033	-18.250	-16.74	-54.31	66.79	6.660	8.600	-4.380	0.83685	0.03146	-0.46088	0.29352	25.5	null	null	13113	75
2026-05-27T14:15:42.642	WT901BLE68(F3:F0:16:BF:DC:AE)	0.821	-0.224	0.536	-23.315	-0.183	-25.635	-15.90	-54.14	64.34	11.733	5.327	-14.187	0.83685	0.03146	-0.46088	0.29352	25.5	null	null	13113	75
2026-05-27T14:15:42.759	WT901BLE68(F3:F0:16:BF:DC:AE)	0.828	-0.183	0.565	-15.076	-16.479	-26.001	-14.29	-55.79	61.40	11.733	5.327	-14.187	0.78339	0.13779	-0.45123	0.40445	25.5	null	null	13113	75
2026-05-27T14:15:42.851	WT901BLE68(F3:F0:16:BF:DC:AE)	0.855	-0.111	0.383	-1.343	-8.789	-22.644	-10.55	-57.96	58.23	11.733	5.327	-14.187	0.78339	0.13779	-0.45123	0.40445	25.5	null	null	13113	75
2026-05-27T14:15:42.971	WT901BLE68(F3:F0:16:BF:DC:AE)	0.871	-0.067	0.609	-3.235	-7.629	-15.320	-8.71	-59.10	55.99	11.733	5.327	-14.187	0.78339	0.13779	-0.45123	0.40445	25.5	null	null	13113	75
2026-05-27T14:15:43.031	WT901BLE68(F3:F0:16:BF:DC:AE)	0.815	0.017	0.420	15.198	-6.531	-8.911	-6.33	-59.88	54.72	11.733	5.327	-14.187	0.78339	0.13779	-0.45123	0.40445	25.5	null	null	13113	75
2026-05-27T14:15:43.153	WT901BLE68(F3:F0:16:BF:DC:AE)	0.824	0.007	0.434	3.540	-5.249	5.188	-5.43	-60.60	55.29	11.733	5.327	-14.187	0.78339	0.13779	-0.45123	0.40445	25.5	null	null	13113	75
2026-05-27T14:15:43.239	WT901BLE68(F3:F0:16:BF:DC:AE)	0.863	-0.011	0.443	-5.493	0.732	8.972	-6.31	-60.67	56.74	11.733	5.327	-14.187	0.78339	0.13779	-0.45123	0.40445	25.5	null	null	13113	75
2026-05-27T14:15:43.364	WT901BLE68(F3:F0:16:BF:DC:AE)	0.914	0.070	0.532	2.563	4.761	24.536	-9.31	-60.30	61.18	11.733	5.327	-14.187	0.78339	0.13779	-0.45123	0.40445	25.5	null	null	13113	75
2026-05-27T14:15:43.453	WT901BLE68(F3:F0:16:BF:DC:AE)	0.920	-0.104	0.548	-4.700	6.348	36.560	-13.70	-59.24	67.40	11.720	7.767	-17.573	0.78339	0.13779	-0.45123	0.40445	25.5	null	null	13113	75
2026-05-27T14:15:43.570	WT901BLE68(F3:F0:16:BF:DC:AE)	0.806	-0.188	0.403	10.315	-7.874	49.194	-20.09	-57.94	76.20	11.720	7.767	-17.573	0.78339	0.13779	-0.45123	0.40445	25.5	null	null	13113	75
2026-05-27T14:15:43.630	WT901BLE68(F3:F0:16:BF:DC:AE)	0.899	-0.194	0.528	26.367	-9.827	35.767	-23.75	-57.90	85.85	11.720	7.767	-17.573	0.69925	0.18890	-0.46991	0.50443	25.5	null	null	13113	75
2026-05-27T14:15:43.752	WT901BLE68(F3:F0:16:BF:DC:AE)	0.820	-0.303	0.533	-11.841	8.911	14.343	-26.25	-56.93	91.15	11.720	7.767	-17.573	0.69925	0.18890	-0.46991	0.50443	25.5	null	null	13113	75
2026-05-27T14:15:43.839	WT901BLE68(F3:F0:16:BF:DC:AE)	0.826	-0.229	0.512	-30.151	16.846	-4.883	-27.95	-55.51	91.86	11.720	7.767	-17.573	0.69925	0.18890	-0.46991	0.50443	25.5	null	null	13113	75
2026-05-27T14:15:43.960	WT901BLE68(F3:F0:16:BF:DC:AE)	0.809	-0.315	0.553	-9.644	9.155	-12.573	-27.05	-54.88	90.90	11.720	7.767	-17.573	0.69925	0.18890	-0.46991	0.50443	25.5	null	null	13113	75
2026-05-27T14:15:44.052	WT901BLE68(F3:F0:16:BF:DC:AE)	0.851	-0.294	0.530	-7.751	8.972	-10.071	-25.52	-54.77	90.14	11.720	7.767	-17.573	0.69925	0.18890	-0.46991	0.50443	25.5	null	null	13113	75
2026-05-27T14:15:44.171	WT901BLE68(F3:F0:16:BF:DC:AE)	0.792	-0.282	0.577	-5.554	7.385	-8.972	-24.38	-54.51	89.43	11.720	7.767	-17.573	0.69925	0.18890	-0.46991	0.50443	25.5	null	null	13113	75
2026-05-27T14:15:44.261	WT901BLE68(F3:F0:16:BF:DC:AE)	0.810	-0.233	0.563	-8.240	6.409	-16.479	-23.47	-54.38	88.44	11.720	7.767	-17.573	0.69925	0.18890	-0.46991	0.50443	25.5	null	null	13113	75
2026-05-27T14:15:44.349	WT901BLE68(F3:F0:16:BF:DC:AE)	0.792	-0.176	0.551	-2.380	5.798	-20.874	-21.58	-54.43	86.61	14.693	0.020	-16.273	0.69925	0.18890	-0.46991	0.50443	25.5	null	null	13113	75
2026-05-27T14:15:44.443	WT901BLE68(F3:F0:16:BF:DC:AE)	0.806	-0.228	0.594	-2.258	7.263	-28.137	-18.74	-54.54	83.56	14.693	0.020	-16.273	0.69925	0.18890	-0.46991	0.50443	25.5	null	null	13113	75
2026-05-27T14:15:44.561	WT901BLE68(F3:F0:16:BF:DC:AE)	0.899	-0.287	0.583	3.906	-11.475	-32.043	-16.17	-55.43	79.27	14.693	0.020	-16.273	0.69925	0.18890	-0.46991	0.50443	25.5	null	null	13113	75
2026-05-27T14:15:44.648	WT901BLE68(F3:F0:16:BF:DC:AE)	0.781	-0.076	0.368	24.841	-12.268	-28.809	-10.61	-57.47	75.84	14.693	0.020	-16.273	0.71640	0.20816	-0.43259	0.50613	25.5	null	null	13113	75
2026-05-27T14:15:44.773	WT901BLE68(F3:F0:16:BF:DC:AE)	0.883	-0.137	0.584	-16.968	3.296	-15.869	-7.70	-57.94	72.75	14.693	0.020	-16.273	0.71640	0.20816	-0.43259	0.50613	25.5	null	null	13113	75
2026-05-27T14:15:44.861	WT901BLE68(F3:F0:16:BF:DC:AE)	0.813	0.008	0.516	6.531	2.869	-1.526	-6.71	-57.61	71.94	14.693	0.020	-16.273	0.71640	0.20816	-0.43259	0.50613	25.5	null	null	13113	75
2026-05-27T14:15:44.984	WT901BLE68(F3:F0:16:BF:DC:AE)	0.806	-0.053	0.489	-24.597	1.160	-9.521	-6.10	-57.45	70.92	14.693	0.020	-16.273	0.71640	0.20816	-0.43259	0.50613	25.5	null	null	13113	75
2026-05-27T14:15:45.041	WT901BLE68(F3:F0:16:BF:DC:AE)	0.880	-0.013	0.531	-22.217	-0.610	-6.165	-6.41	-57.61	69.36	14.693	0.020	-16.273	0.71640	0.20816	-0.43259	0.50613	25.5	null	null	13113	75
2026-05-27T14:15:45.161	WT901BLE68(F3:F0:16:BF:DC:AE)	0.783	-0.082	0.455	-16.785	1.953	0.000	-7.61	-57.18	68.82	14.693	0.020	-16.273	0.71640	0.20816	-0.43259	0.50613	25.5	null	null	13113	75
2026-05-27T14:15:45.251	WT901BLE68(F3:F0:16:BF:DC:AE)	0.787	-0.108	0.583	-13.733	9.521	14.099	-10.05	-56.18	70.47	10.780	7.447	-14.140	0.71640	0.20816	-0.43259	0.50613	25.5	null	null	13113	75
2026-05-27T14:15:45.404	WT901BLE68(F3:F0:16:BF:DC:AE)	0.846	-0.053	0.706	-10.437	12.634	18.127	-12.82	-54.92	73.26	10.780	7.447	-14.140	0.71640	0.20816	-0.43259	0.50613	25.5	null	null	13113	75
2026-05-27T14:15:45.459	WT901BLE68(F3:F0:16:BF:DC:AE)	0.784	-0.163	0.584	-10.315	4.700	17.578	-15.47	-53.58	76.06	10.780	7.447	-14.140	0.73593	0.18405	-0.42542	0.49341	25.5	null	null	13113	75
2026-05-27T14:15:45.583	WT901BLE68(F3:F0:16:BF:DC:AE)	0.765	-0.163	0.565	-27.527	1.648	15.320	-18.66	-52.98	79.17	10.780	7.447	-14.140	0.73593	0.18405	-0.42542	0.49341	25.5	null	null	13113	75
2026-05-27T14:15:45.674	WT901BLE68(F3:F0:16:BF:DC:AE)	0.816	-0.216	0.564	-1.221	-7.629	13.184	-21.46	-53.07	83.13	10.780	7.447	-14.140	0.73593	0.18405	-0.42542	0.49341	25.5	null	null	13113	75
2026-05-27T14:15:45.793	WT901BLE68(F3:F0:16:BF:DC:AE)	0.744	-0.265	0.394	-7.141	3.662	2.319	-22.93	-53.00	85.52	10.780	7.447	-14.140	0.73593	0.18405	-0.42542	0.49341	25.5	null	null	13113	75
2026-05-27T14:15:45.851	WT901BLE68(F3:F0:16:BF:DC:AE)	0.779	-0.268	0.608	-6.348	-1.404	-0.671	-23.75	-53.26	87.41	10.780	7.447	-14.140	0.73593	0.18405	-0.42542	0.49341	25.5	null	null	13113	75
2026-05-27T14:15:45.970	WT901BLE68(F3:F0:16:BF:DC:AE)	0.756	-0.365	0.550	-5.432	4.395	0.183	-24.28	-53.09	88.56	10.780	7.447	-14.140	0.73593	0.18405	-0.42542	0.49341	25.5	null	null	13113	75
2026-05-27T14:15:46.061	WT901BLE68(F3:F0:16:BF:DC:AE)	0.730	-0.456	0.506	-0.549	1.282	11.292	-26.13	-52.32	90.27	10.780	7.447	-14.140	0.73593	0.18405	-0.42542	0.49341	25.5	null	null	13113	75
2026-05-27T14:15:46.178	WT901BLE68(F3:F0:16:BF:DC:AE)	0.733	-0.270	0.528	-30.945	6.531	7.996	-30.00	-51.36	92.56	13.220	-2.913	-10.040	0.73593	0.18405	-0.42542	0.49341	25.5	null	null	13113	75
2026-05-27T14:15:46.274	WT901BLE68(F3:F0:16:BF:DC:AE)	0.872	-0.358	0.647	-9.338	3.113	-3.723	-31.98	-50.98	94.22	13.220	-2.913	-10.040	0.73593	0.18405	-0.42542	0.49341	25.5	null	null	13113	75
2026-05-27T14:15:46.391	WT901BLE68(F3:F0:16:BF:DC:AE)	0.747	-0.354	0.602	-21.973	3.174	-13.733	-32.31	-51.11	94.27	13.220	-2.913	-10.040	0.67679	0.13321	-0.46457	0.55521	25.5	null	null	13113	75
2026-05-27T14:15:46.451	WT901BLE68(F3:F0:16:BF:DC:AE)	0.729	-0.463	0.478	-31.311	-2.625	-9.827	-33.53	-51.49	94.16	13.220	-2.913	-10.040	0.67679	0.13321	-0.46457	0.55521	25.5	null	null	13113	75
2026-05-27T14:15:46.572	WT901BLE68(F3:F0:16:BF:DC:AE)	0.831	-0.403	0.497	-39.734	-4.883	-13.367	-36.40	-52.40	95.75	13.220	-2.913	-10.040	0.67679	0.13321	-0.46457	0.55521	25.5	null	null	13113	75
2026-05-27T14:15:46.659	WT901BLE68(F3:F0:16:BF:DC:AE)	0.797	-0.370	0.442	-34.119	2.258	-13.000	-38.70	-53.40	95.67	13.220	-2.913	-10.040	0.67679	0.13321	-0.46457	0.55521	25.5	null	null	13113	75
2026-05-27T14:15:46.813	WT901BLE68(F3:F0:16:BF:DC:AE)	0.812	-0.293	0.590	-13.672	-2.502	-21.301	-39.40	-54.72	96.13	13.220	-2.913	-10.040	0.67679	0.13321	-0.46457	0.55521	25.5	null	null	13113	75
2026-05-27T14:15:46.869	WT901BLE68(F3:F0:16:BF:DC:AE)	0.750	-0.473	0.460	-10.193	13.367	-18.372	-37.23	-55.30	93.84	13.220	-2.913	-10.040	0.67679	0.13321	-0.46457	0.55521	25.5	null	null	13113	75
2026-05-27T14:15:47.024	WT901BLE68(F3:F0:16:BF:DC:AE)	0.840	-0.159	0.458	13.367	6.165	-13.245	-34.19	-55.35	92.67	13.220	-2.913	-10.040	0.67679	0.13321	-0.46457	0.55521	25.5	null	null	13113	75
2026-05-27T14:15:47.110	WT901BLE68(F3:F0:16:BF:DC:AE)	0.832	-0.189	0.421	17.273	0.732	-14.038	-29.67	-55.56	91.26	11.353	-0.733	-6.227	0.67679	0.13321	-0.46457	0.55521	25.5	null	null	13113	75
2026-05-27T14:15:47.202	WT901BLE68(F3:F0:16:BF:DC:AE)	0.862	-0.196	0.471	24.841	-3.479	-2.014	-25.24	-56.43	90.29	11.353	-0.733	-6.227	0.67679	0.13321	-0.46457	0.55521	25.5	null	null	13113	75
2026-05-27T14:15:47.258	WT901BLE68(F3:F0:16:BF:DC:AE)	0.872	-0.180	0.468	21.179	0.244	6.348	-22.95	-56.74	90.97	11.353	-0.733	-6.227	0.67505	0.20380	-0.45511	0.54364	25.5	null	null	13113	75
2026-05-27T14:15:47.379	WT901BLE68(F3:F0:16:BF:DC:AE)	0.823	-0.206	0.583	-39.734	7.874	14.221	-23.61	-56.33	92.73	11.353	-0.733	-6.227	0.67505	0.20380	-0.45511	0.54364	25.5	null	null	13113	75
2026-05-27T14:15:47.474	WT901BLE68(F3:F0:16:BF:DC:AE)	0.744	-0.231	0.522	-13.245	5.798	16.663	-26.88	-55.37	94.61	11.353	-0.733	-6.227	0.67505	0.20380	-0.45511	0.54364	25.5	null	null	13113	75
2026-05-27T14:15:47.654	WT901BLE68(F3:F0:16:BF:DC:AE)	0.786	-0.119	0.658	-25.879	9.338	15.991	-28.77	-54.17	97.11	11.353	-0.733	-6.227	0.67505	0.20380	-0.45511	0.54364	25.5	null	null	13113	75
2026-05-27T14:15:47.679	WT901BLE68(F3:F0:16:BF:DC:AE)	0.791	-0.284	0.529	6.104	2.991	11.963	-30.22	-52.65	99.01	11.353	-0.733	-6.227	0.67505	0.20380	-0.45511	0.54364	25.5	null	null	13113	75
2026-05-27T14:15:47.800	WT901BLE68(F3:F0:16:BF:DC:AE)	0.906	-0.298	0.507	35.889	-5.371	1.831	-29.10	-52.07	101.00	11.353	-0.733	-6.227	0.67505	0.20380	-0.45511	0.54364	25.5	null	null	13113	75
2026-05-27T14:15:47.861	WT901BLE68(F3:F0:16:BF:DC:AE)	0.740	-0.278	0.449	38.147	-7.996	7.446	-27.14	-52.25	103.02	11.353	-0.733	-6.227	0.67505	0.20380	-0.45511	0.54364	25.5	null	null	13113	75
2026-05-27T14:15:47.984	WT901BLE68(F3:F0:16:BF:DC:AE)	0.847	-0.279	0.500	3.906	-2.686	11.169	-27.35	-52.50	106.03	11.353	-0.733	-6.227	0.67505	0.20380	-0.45511	0.54364	25.5	null	null	13113	75
2026-05-27T14:15:48.069	WT901BLE68(F3:F0:16:BF:DC:AE)	0.809	-0.350	0.482	5.249	-0.183	-0.488	-28.77	-52.34	107.53	13.480	-3.273	-6.287	0.67505	0.20380	-0.45511	0.54364	25.5	null	null	13113	75
2026-05-27T14:15:48.283	WT901BLE68(F3:F0:16:BF:DC:AE)	0.781	-0.292	0.515	7.385	-1.282	-5.981	-28.52	-52.55	108.03	13.480	-3.273	-6.287	0.59991	0.21539	-0.43118	0.63849	25.5	null	null	13113	75
2026-05-27T14:15:48.284	WT901BLE68(F3:F0:16:BF:DC:AE)	0.782	-0.233	0.542	4.333	0.000	-11.353	-27.30	-53.22	107.70	13.480	-3.273	-6.287	0.59991	0.21539	-0.43118	0.63849	25.5	null	null	13113	75
2026-05-27T14:15:48.400	WT901BLE68(F3:F0:16:BF:DC:AE)	0.793	-0.262	0.494	-8.484	7.263	-15.564	-25.53	-53.35	105.78	13.480	-3.273	-6.287	0.59991	0.21539	-0.43118	0.63849	25.5	null	null	13113	75
2026-05-27T14:15:48.460	WT901BLE68(F3:F0:16:BF:DC:AE)	0.738	-0.166	0.538	-17.090	10.742	-14.282	-24.07	-53.15	103.13	13.480	-3.273	-6.287	0.59991	0.21539	-0.43118	0.63849	25.5	null	null	13113	75
2026-05-27T14:15:48.614	WT901BLE68(F3:F0:16:BF:DC:AE)	0.801	-0.188	0.596	-9.216	11.536	-17.273	-22.90	-52.76	100.22	13.480	-3.273	-6.287	0.59991	0.21539	-0.43118	0.63849	25.5	null	null	13113	75
2026-05-27T14:15:48.669	WT901BLE68(F3:F0:16:BF:DC:AE)	0.864	-0.052	0.604	-20.630	10.132	-24.780	-21.09	-52.60	96.51	13.480	-3.273	-6.287	0.59991	0.21539	-0.43118	0.63849	25.5	null	null	13113	75
2026-05-27T14:15:48.791	WT901BLE68(F3:F0:16:BF:DC:AE)	0.803	-0.213	0.555	-7.751	-0.793	-28.015	-18.61	-53.12	92.19	13.480	-3.273	-6.287	0.59991	0.21539	-0.43118	0.63849	25.5	null	null	13113	75
2026-05-27T14:15:48.881	WT901BLE68(F3:F0:16:BF:DC:AE)	0.826	-0.163	0.503	-30.823	1.526	-27.161	-16.85	-53.98	87.46	10.293	1.687	-1.887	0.59991	0.21539	-0.43118	0.63849	25.5	null	null	13113	75
2026-05-27T14:15:49.003	WT901BLE68(F3:F0:16:BF:DC:AE)	0.817	-0.114	0.432	-43.152	10.071	-26.611	-16.60	-54.17	82.09	10.293	1.687	-1.887	0.59991	0.21539	-0.43118	0.63849	25.5	null	null	13113	75
2026-05-27T14:15:49.089	WT901BLE68(F3:F0:16:BF:DC:AE)	0.928	-0.217	0.508	-40.894	9.766	-26.306	-17.14	-54.06	76.28	10.293	1.687	-1.887	0.72766	0.18021	-0.43222	0.50110	25.5	null	null	13113	75
2026-05-27T14:15:49.214	WT901BLE68(F3:F0:16:BF:DC:AE)	0.806	-0.107	0.530	-39.368	8.911	-26.489	-16.60	-54.32	69.36	10.293	1.687	-1.887	0.72766	0.18021	-0.43222	0.50110	25.5	null	null	13113	75
2026-05-27T14:15:49.271	WT901BLE68(F3:F0:16:BF:DC:AE)	0.835	-0.152	0.515	-30.334	6.958	-25.208	-16.24	-54.63	61.33	10.293	1.687	-1.887	0.72766	0.18021	-0.43222	0.50110	25.5	null	null	13113	75
2026-05-27T14:15:49.389	WT901BLE68(F3:F0:16:BF:DC:AE)	0.853	-0.131	0.575	-33.997	9.766	-21.667	-16.18	-54.65	53.11	10.293	1.687	-1.887	0.72766	0.18021	-0.43222	0.50110	25.5	null	null	13113	75
2026-05-27T14:15:49.484	WT901BLE68(F3:F0:16:BF:DC:AE)	0.788	-0.106	0.614	-17.944	7.385	-16.602	-15.74	-54.61	45.23	10.293	1.687	-1.887	0.72766	0.18021	-0.43222	0.50110	25.5	null	null	13113	75
2026-05-27T14:15:49.599	WT901BLE68(F3:F0:16:BF:DC:AE)	0.774	-0.024	0.573	-12.878	6.165	-12.573	-14.19	-54.36	37.92	10.293	1.687	-1.887	0.72766	0.18021	-0.43222	0.50110	25.5	null	null	13113	75
2026-05-27T14:15:49.692	WT901BLE68(F3:F0:16:BF:DC:AE)	0.890	-0.109	0.609	-22.339	-3.174	-9.338	-14.41	-54.73	31.21	10.293	1.687	-1.887	0.72766	0.18021	-0.43222	0.50110	25.5	null	null	13113	75
2026-05-27T14:15:49.807	WT901BLE68(F3:F0:16:BF:DC:AE)	0.837	-0.143	0.563	-27.039	-5.920	-2.197	-16.79	-55.45	26.13	3.260	0.593	7.640	0.72766	0.18021	-0.43222	0.50110	25.5	null	null	13113	75
2026-05-27T14:15:49.870	WT901BLE68(F3:F0:16:BF:DC:AE)	0.848	-0.178	0.415	-24.780	-0.610	-5.005	-19.42	-55.88	20.57	3.260	0.593	7.640	0.72766	0.18021	-0.43222	0.50110	25.5	null	null	13113	75
2026-05-27T14:15:50.022	WT901BLE68(F3:F0:16:BF:DC:AE)	0.849	-0.287	0.480	-42.847	13.428	-14.343	-21.94	-55.47	13.60	3.260	0.593	7.640	0.72766	0.18021	-0.43222	0.50110	25.5	null	null	13113	75
2026-05-27T14:15:50.081	WT901BLE68(F3:F0:16:BF:DC:AE)	0.781	-0.207	0.493	-48.157	14.160	-25.330	-23.57	-54.94	3.70	3.260	0.593	7.640	0.87280	-0.14624	-0.46432	-0.03342	25.5	null	null	13113	75
2026-05-27T14:15:50.202	WT901BLE68(F3:F0:16:BF:DC:AE)	0.844	-0.250	0.405	-46.387	13.306	-29.480	-23.79	-54.77	-6.77	3.260	0.593	7.640	0.87280	-0.14624	-0.46432	-0.03342	25.5	null	null	13113	75
2026-05-27T14:15:50.320	WT901BLE68(F3:F0:16:BF:DC:AE)	0.844	-0.219	0.678	-58.777	21.545	-32.471	-24.09	-54.43	-17.72	3.260	0.593	7.640	0.87280	-0.14624	-0.46432	-0.03342	25.5	null	null	13113	75
2026-05-27T14:15:50.413	WT901BLE68(F3:F0:16:BF:DC:AE)	0.741	-0.268	0.536	-41.931	11.353	-30.151	-24.26	-54.17	-28.27	3.260	0.593	7.640	0.87280	-0.14624	-0.46432	-0.03342	25.5	null	null	13113	75
2026-05-27T14:15:50.529	WT901BLE68(F3:F0:16:BF:DC:AE)	0.829	-0.241	0.496	-30.029	7.019	-27.771	-24.08	-54.49	-37.57	3.260	0.593	7.640	0.87280	-0.14624	-0.46432	-0.03342	25.5	null	null	13113	75
2026-05-27T14:15:50.620	WT901BLE68(F3:F0:16:BF:DC:AE)	0.842	-0.325	0.548	-36.194	9.033	-19.775	-24.20	-54.56	-45.34	3.260	0.593	7.640	0.87280	-0.14624	-0.46432	-0.03342	25.5	null	null	13113	75
2026-05-27T14:15:50.679	WT901BLE68(F3:F0:16:BF:DC:AE)	0.793	-0.204	0.565	-48.523	12.634	-17.822	-25.72	-54.22	-52.32	-3.347	-13.160	13.447	0.87280	-0.14624	-0.46432	-0.03342	25.5	null	null	13113	75
2026-05-27T14:15:50.806	WT901BLE68(F3:F0:16:BF:DC:AE)	0.865	-0.327	0.631	-41.931	14.954	-18.494	-27.39	-53.79	-59.64	-3.347	-13.160	13.447	0.87280	-0.14624	-0.46432	-0.03342	25.5	null	null	13113	75
2026-05-27T14:15:50.891	WT901BLE68(F3:F0:16:BF:DC:AE)	0.872	-0.294	0.500	-40.955	-1.709	-30.762	-29.27	-54.42	-66.95	-3.347	-13.160	13.447	0.67032	-0.42188	-0.25299	-0.55551	25.5	null	null	13113	75
2026-05-27T14:15:51.011	WT901BLE68(F3:F0:16:BF:DC:AE)	0.825	-0.203	0.414	-41.992	-4.333	-28.931	-29.78	-56.56	-73.87	-3.347	-13.160	13.447	0.67032	-0.42188	-0.25299	-0.55551	25.5	null	null	13113	75
2026-05-27T14:15:51.100	WT901BLE68(F3:F0:16:BF:DC:AE)	0.817	-0.316	0.405	-40.955	10.864	-25.635	-29.45	-57.62	-81.16	-3.347	-13.160	13.447	0.67032	-0.42188	-0.25299	-0.55551	25.5	null	null	13113	75
2026-05-27T14:15:51.221	WT901BLE68(F3:F0:16:BF:DC:AE)	0.919	-0.244	0.491	-60.547	18.616	-31.006	-29.27	-57.69	-89.77	-3.347	-13.160	13.447	0.67032	-0.42188	-0.25299	-0.55551	25.5	null	null	13113	75
2026-05-27T14:15:51.280	WT901BLE68(F3:F0:16:BF:DC:AE)	0.843	-0.133	0.449	-42.236	14.160	-30.457	-28.11	-58.10	-98.03	-3.347	-13.160	13.447	0.67032	-0.42188	-0.25299	-0.55551	25.5	null	null	13113	75
2026-05-27T14:15:51.430	WT901BLE68(F3:F0:16:BF:DC:AE)	0.801	-0.265	0.457	-52.063	15.625	-23.499	-28.10	-58.05	-105.41	-3.347	-13.160	13.447	0.67032	-0.42188	-0.25299	-0.55551	25.5	null	null	13113	75
2026-05-27T14:15:51.492	WT901BLE68(F3:F0:16:BF:DC:AE)	0.832	-0.239	0.535	-45.105	13.184	-16.785	-29.25	-57.92	-111.10	-3.347	-13.160	13.447	0.67032	-0.42188	-0.25299	-0.55551	25.5	null	null	13113	75
2026-05-27T14:15:51.609	WT901BLE68(F3:F0:16:BF:DC:AE)	0.853	-0.269	0.453	-8.972	6.836	-6.897	-29.40	-57.63	-115.32	-5.113	-28.880	9.127	0.67032	-0.42188	-0.25299	-0.55551	25.5	null	null	13113	75
2026-05-27T14:15:51.702	WT901BLE68(F3:F0:16:BF:DC:AE)	0.830	-0.291	0.430	-28.625	13.306	1.953	-30.31	-56.79	-117.89	-5.113	-28.880	9.127	0.67032	-0.42188	-0.25299	-0.55551	25.5	null	null	13113	75
2026-05-27T14:15:51.819	WT901BLE68(F3:F0:16:BF:DC:AE)	0.778	-0.361	0.497	-33.875	14.771	5.432	-31.99	-55.45	-119.72	-5.113	-28.880	9.127	0.32349	-0.51071	-0.02628	-0.79608	25.5	null	null	13113	75
2026-05-27T14:15:51.912	WT901BLE68(F3:F0:16:BF:DC:AE)	0.838	-0.334	0.553	-23.010	5.432	4.761	-33.85	-54.32	-120.83	-5.113	-28.880	9.127	0.32349	-0.51071	-0.02628	-0.79608	25.5	null	null	13113	75
2026-05-27T14:15:52.033	WT901BLE68(F3:F0:16:BF:DC:AE)	0.806	-0.342	0.448	-22.400	0.183	0.366	-36.05	-53.94	-121.47	-5.113	-28.880	9.127	0.32349	-0.51071	-0.02628	-0.79608	25.5	null	null	13113	75
2026-05-27T14:15:52.089	WT901BLE68(F3:F0:16:BF:DC:AE)	0.813	-0.482	0.375	-17.517	5.737	-0.488	-37.67	-53.73	-122.24	-5.113	-28.880	9.127	0.32349	-0.51071	-0.02628	-0.79608	25.5	null	null	13113	75
2026-05-27T14:15:52.209	WT901BLE68(F3:F0:16:BF:DC:AE)	0.837	-0.401	0.508	-22.278	15.137	-9.827	-38.06	-53.15	-124.24	-5.113	-28.880	9.127	0.32349	-0.51071	-0.02628	-0.79608	25.5	null	null	13113	75
2026-05-27T14:15:52.301	WT901BLE68(F3:F0:16:BF:DC:AE)	0.789	-0.393	0.438	-20.752	9.583	-15.564	-37.91	-53.00	-127.54	-5.113	-28.880	9.127	0.32349	-0.51071	-0.02628	-0.79608	25.5	null	null	13113	75
2026-05-27T14:15:52.430	WT901BLE68(F3:F0:16:BF:DC:AE)	0.776	-0.331	0.458	-13.306	12.512	-17.273	-37.18	-53.10	-130.78	-5.113	-28.880	9.127	0.32349	-0.51071	-0.02628	-0.79608	25.5	null	null	13113	75
2026-05-27T14:15:52.511	WT901BLE68(F3:F0:16:BF:DC:AE)	0.815	-0.416	0.507	-12.695	16.052	-21.851	-35.78	-53.04	-134.79	-10.513	-37.767	6.180	0.32349	-0.51071	-0.02628	-0.79608	25.5	null	null	13113	75
2026-05-27T14:15:52.633	WT901BLE68(F3:F0:16:BF:DC:AE)	0.850	-0.281	0.498	-14.160	12.146	-21.179	-34.20	-53.01	-138.65	-10.513	-37.767	6.180	0.32349	-0.51071	-0.02628	-0.79608	25.5	null	null	13113	75
2026-05-27T14:15:52.692	WT901BLE68(F3:F0:16:BF:DC:AE)	0.931	-0.262	0.561	-6.470	14.832	-29.297	-31.74	-53.27	-142.87	-10.513	-37.767	6.180	0.16852	-0.48978	0.09579	-0.84998	25.5	null	null	13113	75
2026-05-27T14:15:52.843	WT901BLE68(F3:F0:16:BF:DC:AE)	0.908	-0.294	0.455	-13.733	17.151	-32.776	-28.74	-53.28	-148.04	-10.513	-37.767	6.180	0.16852	-0.48978	0.09579	-0.84998	25.5	null	null	13113	75
2026-05-27T14:15:52.932	WT901BLE68(F3:F0:16:BF:DC:AE)	0.807	-0.275	0.419	-22.888	8.606	-25.146	-28.02	-53.35	-152.19	-10.513	-37.767	6.180	0.16852	-0.48978	0.09579	-0.84998	25.5	null	null	13113	75
2026-05-27T14:15:53.021	WT901BLE68(F3:F0:16:BF:DC:AE)	0.713	-0.299	0.366	-18.677	-10.803	-36.194	-26.26	-55.37	-156.17	-10.513	-37.767	6.180	0.16852	-0.48978	0.09579	-0.84998	25.5	null	null	13113	75
2026-05-27T14:15:53.141	WT901BLE68(F3:F0:16:BF:DC:AE)	0.890	-0.128	0.357	-32.410	9.277	-16.479	-24.94	-56.68	-159.09	-10.513	-37.767	6.180	0.16852	-0.48978	0.09579	-0.84998	25.5	null	null	13113	75
2026-05-27T14:15:53.231	WT901BLE68(F3:F0:16:BF:DC:AE)	0.864	-0.196	0.613	-23.926	7.446	-24.536	-23.99	-56.91	-162.77	-10.513	-37.767	6.180	0.16852	-0.48978	0.09579	-0.84998	25.5	null	null	13113	75
2026-05-27T14:15:53.322	WT901BLE68(F3:F0:16:BF:DC:AE)	0.856	-0.211	0.476	-25.085	10.132	-10.193	-23.13	-56.90	-165.86	-10.513	-37.767	6.180	0.16852	-0.48978	0.09579	-0.84998	25.5	null	null	13113	75
2026-05-27T14:15:53.468	WT901BLE68(F3:F0:16:BF:DC:AE)	0.823	-0.206	0.505	-17.395	10.864	-6.104	-23.90	-56.32	-167.46	-6.907	-40.007	0.047	0.16852	-0.48978	0.09579	-0.84998	25.5	null	null	13113	75
2026-05-27T14:15:53.498	WT901BLE68(F3:F0:16:BF:DC:AE)	0.815	-0.175	0.539	-15.503	10.498	-1.221	-24.14	-55.55	-168.06	-6.907	-40.007	0.047	0.16852	-0.48978	0.09579	-0.84998	25.5	null	null	13113	75
2026-05-27T14:15:53.622	WT901BLE68(F3:F0:16:BF:DC:AE)	0.811	-0.207	0.569	-12.024	9.033	3.662	-24.45	-54.75	-167.93	-6.907	-40.007	0.047	-0.00732	-0.46967	0.13940	-0.87167	25.5	null	null	13113	75
2026-05-27T14:15:53.708	WT901BLE68(F3:F0:16:BF:DC:AE)	0.773	-0.298	0.531	2.563	3.357	10.559	-25.68	-53.81	-166.74	-6.907	-40.007	0.047	-0.00732	-0.46967	0.13940	-0.87167	25.5	null	null	13113	75
2026-05-27T14:15:53.832	WT901BLE68(F3:F0:16:BF:DC:AE)	0.768	-0.245	0.557	1.038	0.122	11.719	-26.69	-53.23	-164.82	-6.907	-40.007	0.047	-0.00732	-0.46967	0.13940	-0.87167	25.5	null	null	13113	75
2026-05-27T14:15:53.921	WT901BLE68(F3:F0:16:BF:DC:AE)	0.799	-0.260	0.551	-9.094	-2.258	9.460	-28.09	-52.87	-162.86	-6.907	-40.007	0.047	-0.00732	-0.46967	0.13940	-0.87167	25.5	null	null	13113	75
2026-05-27T14:15:54.042	WT901BLE68(F3:F0:16:BF:DC:AE)	0.732	-0.333	0.457	4.700	-9.521	8.728	-29.32	-52.96	-160.66	-6.907	-40.007	0.047	-0.00732	-0.46967	0.13940	-0.87167	25.5	null	null	13113	75
2026-05-27T14:15:54.099	WT901BLE68(F3:F0:16:BF:DC:AE)	0.820	-0.309	0.531	10.071	-1.160	11.902	-30.16	-52.96	-157.67	-6.907	-40.007	0.047	-0.00732	-0.46967	0.13940	-0.87167	25.5	null	null	13113	75
2026-05-27T14:15:54.224	WT901BLE68(F3:F0:16:BF:DC:AE)	0.825	-0.450	0.559	-8.301	6.348	-9.277	-30.15	-52.34	-157.89	-6.907	-40.007	0.047	-0.00732	-0.46967	0.13940	-0.87167	25.5	null	null	13113	75
2026-05-27T14:15:54.309	WT901BLE68(F3:F0:16:BF:DC:AE)	0.726	-0.272	0.474	26.062	-13.367	-1.831	-29.62	-53.02	-157.82	-10.520	-45.380	-2.860	-0.00732	-0.46967	0.13940	-0.87167	25.5	null	null	13113	75
2026-05-27T14:15:54.430	WT901BLE68(F3:F0:16:BF:DC:AE)	0.789	-0.293	0.519	12.207	-8.118	-0.732	-28.77	-53.84	-156.26	-10.520	-45.380	-2.860	-0.00732	-0.46967	0.13940	-0.87167	25.5	null	null	13113	75
2026-05-27T14:15:54.519	WT901BLE68(F3:F0:16:BF:DC:AE)	0.795	-0.292	0.532	5.859	0.183	-7.385	-27.60	-54.22	-156.26	-10.520	-45.380	-2.860	0.07132	-0.47650	0.11914	-0.86807	25.5	null	null	13113	75
2026-05-27T14:15:54.642	WT901BLE68(F3:F0:16:BF:DC:AE)	0.754	-0.260	0.488	-5.615	-0.732	-9.033	-26.61	-54.49	-157.19	-10.520	-45.380	-2.860	0.07132	-0.47650	0.11914	-0.86807	25.5	null	null	13113	75
2026-05-27T14:15:54.732	WT901BLE68(F3:F0:16:BF:DC:AE)	0.814	-0.275	0.563	7.202	-5.188	-11.047	-25.37	-54.94	-158.36	-10.520	-45.380	-2.860	0.07132	-0.47650	0.11914	-0.86807	25.5	null	null	13113	75
2026-05-27T14:15:54.851	WT901BLE68(F3:F0:16:BF:DC:AE)	0.807	-0.337	0.444	-26.001	-1.709	-8.484	-24.72	-55.48	-160.02	-10.520	-45.380	-2.860	0.07132	-0.47650	0.11914	-0.86807	25.5	null	null	13113	75
2026-05-27T14:15:54.913	WT901BLE68(F3:F0:16:BF:DC:AE)	0.886	-0.284	0.497	-16.174	-8.972	-16.113	-24.71	-56.53	-161.55	-10.520	-45.380	-2.860	0.07132	-0.47650	0.11914	-0.86807	25.5	null	null	13113	75
2026-05-27T14:15:55.032	WT901BLE68(F3:F0:16:BF:DC:AE)	0.827	-0.047	0.454	-2.136	0.427	-14.954	-22.74	-57.82	-163.78	-10.520	-45.380	-2.860	0.07132	-0.47650	0.11914	-0.86807	25.5	null	null	13113	75
2026-05-27T14:15:55.119	WT901BLE68(F3:F0:16:BF:DC:AE)	0.886	-0.267	0.510	-4.456	4.395	-11.658	-21.25	-58.10	-166.19	-10.520	-45.380	-2.860	0.07132	-0.47650	0.11914	-0.86807	25.5	null	null	13113	75
2026-05-27T14:15:55.239	WT901BLE68(F3:F0:16:BF:DC:AE)	0.843	-0.192	0.393	3.113	-2.502	-4.944	-20.42	-58.29	-167.49	-5.733	-42.660	-5.887	0.07132	-0.47650	0.11914	-0.86807	25.5	null	null	13113	75
2026-05-27T14:15:55.332	WT901BLE68(F3:F0:16:BF:DC:AE)	0.865	-0.156	0.477	6.897	0.854	3.601	-20.17	-58.65	-166.99	-5.733	-42.660	-5.887	0.07132	-0.47650	0.11914	-0.86807	25.5	null	null	13113	75
2026-05-27T14:15:55.450	WT901BLE68(F3:F0:16:BF:DC:AE)	0.848	-0.107	0.552	-5.920	2.319	6.958	-20.98	-58.33	-166.12	-5.733	-42.660	-5.887	0.01462	-0.49548	0.09793	-0.86292	25.5	null	null	13113	75
2026-05-27T14:15:55.510	WT901BLE68(F3:F0:16:BF:DC:AE)	0.791	-0.224	0.562	10.376	-0.122	17.212	-22.11	-57.65	-164.38	-5.733	-42.660	-5.887	0.01462	-0.49548	0.09793	-0.86292	25.5	null	null	13113	75
2026-05-27T14:15:55.633	WT901BLE68(F3:F0:16:BF:DC:AE)	0.802	-0.144	0.480	6.653	7.019	29.175	-24.37	-56.46	-160.93	-5.733	-42.660	-5.887	0.01462	-0.49548	0.09793	-0.86292	25.5	null	null	13113	75
2026-05-27T14:15:55.720	WT901BLE68(F3:F0:16:BF:DC:AE)	0.801	-0.260	0.463	-12.146	6.165	30.762	-27.59	-54.59	-156.67	-5.733	-42.660	-5.887	0.01462	-0.49548	0.09793	-0.86292	25.5	null	null	13113	75
2026-05-27T14:15:55.841	WT901BLE68(F3:F0:16:BF:DC:AE)	0.800	-0.436	0.587	-9.521	-9.460	22.949	-32.00	-53.58	-152.75	-5.733	-42.660	-5.887	0.01462	-0.49548	0.09793	-0.86292	25.5	null	null	13113	75
2026-05-27T14:15:55.932	WT901BLE68(F3:F0:16:BF:DC:AE)	0.763	-0.286	0.496	18.372	-12.634	19.836	-34.43	-53.48	-148.67	-5.733	-42.660	-5.887	0.01462	-0.49548	0.09793	-0.86292	25.5	null	null	13113	75
2026-05-27T14:15:56.047	WT901BLE68(F3:F0:16:BF:DC:AE)	0.810	-0.430	0.438	-5.127	2.625	10.254	-35.46	-52.92	-146.50	-5.733	-42.660	-5.887	0.01462	-0.49548	0.09793	-0.86292	25.5	null	null	13113	75
2026-05-27T14:15:56.142	WT901BLE68(F3:F0:16:BF:DC:AE)	0.795	-0.389	0.497	0.427	2.991	4.578	-36.15	-52.36	-146.65	-11.647	-49.140	-7.793	0.01462	-0.49548	0.09793	-0.86292	25.5	null	null	13113	75
2026-05-27T14:15:56.261	WT901BLE68(F3:F0:16:BF:DC:AE)	0.794	-0.367	0.525	11.902	-0.732	-0.427	-35.70	-52.27	-146.43	-11.647	-49.140	-7.793	0.01462	-0.49548	0.09793	-0.86292	25.5	null	null	13113	75
2026-05-27T14:15:56.319	WT901BLE68(F3:F0:16:BF:DC:AE)	0.753	-0.382	0.527	3.357	5.554	-9.521	-34.13	-52.34	-147.70	-11.647	-49.140	-7.793	0.11731	-0.47977	0.13821	-0.85840	25.5	null	null	13113	75
2026-05-27T14:15:56.442	WT901BLE68(F3:F0:16:BF:DC:AE)	0.764	-0.299	0.552	2.319	9.155	-10.376	-32.01	-52.29	-149.99	-11.647	-49.140	-7.793	0.11731	-0.47977	0.13821	-0.85840	25.5	null	null	13113	75
2026-05-27T14:15:56.534	WT901BLE68(F3:F0:16:BF:DC:AE)	0.847	-0.243	0.641	6.897	11.169	-19.104	-29.33	-52.08	-152.92	-11.647	-49.140	-7.793	0.11731	-0.47977	0.13821	-0.85840	25.5	null	null	13113	75
2026-05-27T14:15:56.652	WT901BLE68(F3:F0:16:BF:DC:AE)	0.768	-0.377	0.499	12.390	11.475	-26.917	-25.86	-52.04	-157.30	-11.647	-49.140	-7.793	0.11731	-0.47977	0.13821	-0.85840	25.5	null	null	13113	75
2026-05-27T14:15:56.740	WT901BLE68(F3:F0:16:BF:DC:AE)	0.833	-0.180	0.525	-4.700	5.737	-20.752	-22.99	-51.98	-161.02	-11.647	-49.140	-7.793	0.11731	-0.47977	0.13821	-0.85840	25.5	null	null	13113	75
2026-05-27T14:15:56.861	WT901BLE68(F3:F0:16:BF:DC:AE)	0.885	-0.310	0.485	-3.357	-15.808	-32.288	-20.48	-53.87	-164.77	-11.647	-49.140	-7.793	0.11731	-0.47977	0.13821	-0.85840	25.5	null	null	13113	75
2026-05-27T14:15:56.919	WT901BLE68(F3:F0:16:BF:DC:AE)	0.861	-0.045	0.476	-21.851	0.000	-21.118	-17.86	-55.91	-168.76	-11.647	-49.140	-7.793	0.11731	-0.47977	0.13821	-0.85840	25.5	null	null	13113	75
2026-05-27T14:15:57.037	WT901BLE68(F3:F0:16:BF:DC:AE)	0.833	-0.204	0.513	-15.015	8.057	-13.977	-17.20	-55.73	-171.98	-3.313	-44.973	-9.280	0.11731	-0.47977	0.13821	-0.85840	25.5	null	null	13113	75
2026-05-27T14:15:57.128	WT901BLE68(F3:F0:16:BF:DC:AE)	0.817	-0.111	0.522	4.456	0.305	-6.592	-16.25	-55.70	-174.00	-3.313	-44.973	-9.280	0.11731	-0.47977	0.13821	-0.85840	25.5	null	null	13113	75
2026-05-27T14:15:57.248	WT901BLE68(F3:F0:16:BF:DC:AE)	0.788	-0.182	0.547	4.456	-0.366	-3.906	-15.74	-55.79	-174.87	-3.313	-44.973	-9.280	-0.02231	-0.46832	0.10046	-0.87747	25.5	null	null	13113	75
2026-05-27T14:15:57.341	WT901BLE68(F3:F0:16:BF:DC:AE)	0.805	-0.107	0.641	-7.080	8.240	-2.869	-14.91	-55.38	-175.90	-3.313	-44.973	-9.280	-0.02231	-0.46832	0.10046	-0.87747	25.5	null	null	13113	75
2026-05-27T14:15:57.462	WT901BLE68(F3:F0:16:BF:DC:AE)	0.802	-0.103	0.651	-0.610	11.292	-0.305	-14.23	-54.39	-177.20	-3.313	-44.973	-9.280	-0.02231	-0.46832	0.10046	-0.87747	25.5	null	null	13113	75
2026-05-27T14:15:57.552	WT901BLE68(F3:F0:16:BF:DC:AE)	0.748	-0.171	0.533	2.869	10.742	5.859	-14.09	-53.06	-177.65	-3.313	-44.973	-9.280	-0.02231	-0.46832	0.10046	-0.87747	25.5	null	null	13113	75
2026-05-27T14:15:57.673	WT901BLE68(F3:F0:16:BF:DC:AE)	0.796	-0.195	0.624	-1.648	2.563	4.822	-14.68	-52.29	-177.13	-3.313	-44.973	-9.280	-0.02231	-0.46832	0.10046	-0.87747	25.5	null	null	13113	75
2026-05-27T14:15:57.729	WT901BLE68(F3:F0:16:BF:DC:AE)	0.859	-0.146	0.557	-0.305	-8.179	8.423	-15.19	-52.47	-176.12	-3.313	-44.973	-9.280	-0.02231	-0.46832	0.10046	-0.87747	25.5	null	null	13113	75
2026-05-27T14:15:57.852	WT901BLE68(F3:F0:16:BF:DC:AE)	0.775	-0.194	0.578	5.188	-6.775	11.047	-16.62	-52.92	-174.08	-3.313	-44.973	-9.280	-0.02231	-0.46832	0.10046	-0.87747	25.5	null	null	13113	75
2026-05-27T14:15:57.939	WT901BLE68(F3:F0:16:BF:DC:AE)	0.809	-0.162	0.616	19.653	-3.967	4.333	-16.42	-53.16	-172.85	-1.333	-46.140	-11.700	-0.02231	-0.46832	0.10046	-0.87747	25.5	null	null	13113	75
2026-05-27T14:15:58.059	WT901BLE68(F3:F0:16:BF:DC:AE)	0.838	-0.186	0.563	14.587	-5.798	-0.732	-15.62	-53.47	-172.40	-1.333	-46.140	-11.700	-0.02231	-0.46832	0.10046	-0.87747	25.5	null	null	13113	75
2026-05-27T14:15:58.150	WT901BLE68(F3:F0:16:BF:DC:AE)	0.793	-0.202	0.542	14.526	-10.132	3.296	-14.44	-54.24	-172.32	-1.333	-46.140	-11.700	-0.00070	-0.45474	0.08713	-0.88629	25.5	null	null	13113	75
2026-05-27T14:15:58.271	WT901BLE68(F3:F0:16:BF:DC:AE)	0.819	-0.110	0.641	16.846	-3.784	-0.854	-13.28	-54.89	-172.07	-1.333	-46.140	-11.700	-0.00070	-0.45474	0.08713	-0.88629	25.5	null	null	13113	75
2026-05-27T14:15:58.333	WT901BLE68(F3:F0:16:BF:DC:AE)	0.771	-0.092	0.598	2.991	6.165	-7.507	-11.86	-54.76	-173.01	-1.333	-46.140	-11.700	-0.00070	-0.45474	0.08713	-0.88629	25.5	null	null	13113	75
2026-05-27T14:15:58.452	WT901BLE68(F3:F0:16:BF:DC:AE)	0.807	-0.157	0.537	-1.770	2.441	-3.845	-10.93	-54.31	-174.79	-1.333	-46.140	-11.700	-0.00070	-0.45474	0.08713	-0.88629	25.5	null	null	13113	75
2026-05-27T14:15:58.542	WT901BLE68(F3:F0:16:BF:DC:AE)	0.802	-0.018	0.591	-2.869	-0.610	-3.906	-10.71	-54.32	-175.79	-1.333	-46.140	-11.700	-0.00070	-0.45474	0.08713	-0.88629	25.5	null	null	13113	75
2026-05-27T14:15:58.662	WT901BLE68(F3:F0:16:BF:DC:AE)	0.734	-0.078	0.624	-7.935	7.446	-2.075	-10.60	-53.92	-176.78	-1.333	-46.140	-11.700	-0.00070	-0.45474	0.08713	-0.88629	25.5	null	null	13113	75
2026-05-27T14:15:58.750	WT901BLE68(F3:F0:16:BF:DC:AE)	0.767	-0.185	0.659	-12.878	7.935	-10.376	-10.17	-53.05	-178.79	-1.333	-46.140	-11.700	-0.00070	-0.45474	0.08713	-0.88629	25.5	null	null	13113	75
2026-05-27T14:15:58.868	WT901BLE68(F3:F0:16:BF:DC:AE)	0.835	-0.176	0.581	0.244	-10.498	-6.042	-10.06	-53.13	179.48	2.420	-45.600	-11.067	-0.00070	-0.45474	0.08713	-0.88629	25.5	null	null	13113	75
2026-05-27T14:15:58.990	WT901BLE68(F3:F0:16:BF:DC:AE)	0.816	-0.029	0.486	19.287	-23.193	-6.714	-8.83	-55.08	178.68	2.420	-45.600	-11.067	-0.00070	-0.45474	0.08713	-0.88629	25.5	null	null	13113	75
2026-05-27T14:15:59.081	WT901BLE68(F3:F0:16:BF:DC:AE)	0.857	-0.001	0.354	-19.958	-1.953	-4.333	-8.28	-56.45	177.82	2.420	-45.600	-11.067	-0.04663	-0.46881	0.06912	-0.87930	25.5	null	null	13113	75
2026-05-27T14:15:59.141	WT901BLE68(F3:F0:16:BF:DC:AE)	0.847	-0.192	0.706	-21.362	5.371	-8.850	-10.18	-56.30	176.33	2.420	-45.600	-11.067	-0.04663	-0.46881	0.06912	-0.87930	25.5	null	null	13113	75
2026-05-27T14:15:59.261	WT901BLE68(F3:F0:16:BF:DC:AE)	0.834	0.020	0.494	15.198	-5.005	2.686	-9.67	-56.24	175.37	2.420	-45.600	-11.067	-0.04663	-0.46881	0.06912	-0.87930	25.5	null	null	13113	75
2026-05-27T14:15:59.352	WT901BLE68(F3:F0:16:BF:DC:AE)	0.843	-0.105	0.534	2.930	0.793	2.380	-9.33	-56.52	175.58	2.420	-45.600	-11.067	-0.04663	-0.46881	0.06912	-0.87930	25.5	null	null	13113	75
2026-05-27T14:15:59.470	WT901BLE68(F3:F0:16:BF:DC:AE)	0.840	-0.061	0.597	-2.686	5.676	1.404	-9.60	-56.06	175.26	2.420	-45.600	-11.067	-0.04663	-0.46881	0.06912	-0.87930	25.5	null	null	13113	75
2026-05-27T14:15:59.562	WT901BLE68(F3:F0:16:BF:DC:AE)	0.826	-0.086	0.570	-9.888	9.766	3.479	-9.91	-55.28	174.85	2.420	-45.600	-11.067	-0.04663	-0.46881	0.06912	-0.87930	25.5	null	null	13113	75
2026-05-27T14:15:59.681	WT901BLE68(F3:F0:16:BF:DC:AE)	0.771	-0.131	0.569	-15.015	11.963	8.545	-11.61	-54.18	175.05	2.420	-45.600	-11.067	-0.04663	-0.46881	0.06912	-0.87930	25.5	null	null	13113	75
2026-05-27T14:15:59.739	WT901BLE68(F3:F0:16:BF:DC:AE)	0.855	-0.109	0.559	-11.841	10.254	13.184	-13.95	-52.59	176.13	6.200	-47.713	-14.940	-0.04663	-0.46881	0.06912	-0.87930	25.5	null	null	13113	75
2026-05-27T14:15:59.862	WT901BLE68(F3:F0:16:BF:DC:AE)	0.826	-0.133	0.605	4.883	-0.183	15.442	-16.22	-51.69	177.80	6.200	-47.713	-14.940	-0.04663	-0.46881	0.06912	-0.87930	25.5	null	null	13113	75
2026-05-27T14:15:59.948	WT901BLE68(F3:F0:16:BF:DC:AE)	0.809	-0.226	0.583	-1.831	-6.165	16.785	-18.07	-51.45	-179.71	6.200	-47.713	-14.940	-0.07071	-0.42853	0.13751	-0.89014	25.5	null	null	13113	75
2026-05-27T14:16:00.075	WT901BLE68(F3:F0:16:BF:DC:AE)	0.779	-0.251	0.584	8.118	-10.193	18.127	-20.31	-51.72	-176.94	6.200	-47.713	-14.940	-0.07071	-0.42853	0.13751	-0.89014	25.5	null	null	13113	75
2026-05-27T14:16:00.160	WT901BLE68(F3:F0:16:BF:DC:AE)	0.811	-0.235	0.587	12.207	-3.601	16.235	-21.49	-51.82	-174.10	6.200	-47.713	-14.940	-0.07071	-0.42853	0.13751	-0.89014	25.5	null	null	13113	75
2026-05-27T14:16:00.283	WT901BLE68(F3:F0:16:BF:DC:AE)	0.814	-0.269	0.611	3.784	-0.427	5.920	-22.20	-51.60	-172.84	6.200	-47.713	-14.940	-0.07071	-0.42853	0.13751	-0.89014	25.5	null	null	13113	75
2026-05-27T14:16:00.372	WT901BLE68(F3:F0:16:BF:DC:AE)	0.809	-0.280	0.516	1.038	-0.488	8.667	-22.70	-51.54	-172.02	6.200	-47.713	-14.940	-0.07071	-0.42853	0.13751	-0.89014	25.5	null	null	13113	75
2026-05-27T14:16:00.493	WT901BLE68(F3:F0:16:BF:DC:AE)	0.771	-0.278	0.573	-2.625	4.944	3.601	-22.84	-51.25	-171.67	6.200	-47.713	-14.940	-0.07071	-0.42853	0.13751	-0.89014	25.5	null	null	13113	75
2026-05-27T14:16:00.549	WT901BLE68(F3:F0:16:BF:DC:AE)	0.770	-0.231	0.627	-2.625	4.700	-4.028	-22.98	-50.90	-172.25	6.200	-47.713	-14.940	-0.07071	-0.42853	0.13751	-0.89014	25.5	null	null	13113	75
2026-05-27T14:16:00.672	WT901BLE68(F3:F0:16:BF:DC:AE)	0.753	-0.243	0.533	-12.390	4.883	-6.409	-22.38	-50.67	-173.54	2.727	-55.387	-15.707	-0.07071	-0.42853	0.13751	-0.89014	25.5	null	null	13113	75
2026-05-27T14:16:00.763	WT901BLE68(F3:F0:16:BF:DC:AE)	0.776	-0.339	0.641	-5.737	8.606	-9.888	-21.84	-50.42	-175.31	2.727	-55.387	-15.707	-0.07071	-0.42853	0.13751	-0.89014	25.5	null	null	13113	75
2026-05-27T14:16:00.880	WT901BLE68(F3:F0:16:BF:DC:AE)	0.786	-0.161	0.662	-23.438	11.230	-12.695	-21.17	-49.84	-177.52	2.727	-55.387	-15.707	-0.05008	-0.42163	0.15390	-0.89215	25.5	null	null	13113	75
2026-05-27T14:16:00.969	WT901BLE68(F3:F0:16:BF:DC:AE)	0.694	-0.262	0.551	-13.733	5.798	-12.451	-21.44	-49.39	179.72	2.727	-55.387	-15.707	-0.05008	-0.42163	0.15390	-0.89215	25.5	null	null	13113	75
2026-05-27T14:16:01.092	WT901BLE68(F3:F0:16:BF:DC:AE)	0.808	-0.264	0.521	-21.484	-1.892	-19.104	-21.20	-49.78	177.39	2.727	-55.387	-15.707	-0.05008	-0.42163	0.15390	-0.89215	25.5	null	null	13113	75
2026-05-27T14:16:01.148	WT901BLE68(F3:F0:16:BF:DC:AE)	0.842	-0.140	0.480	-30.396	-6.897	-26.062	-20.41	-51.39	174.04	2.727	-55.387	-15.707	-0.05008	-0.42163	0.15390	-0.89215	25.5	null	null	13113	75
2026-05-27T14:16:01.273	WT901BLE68(F3:F0:16:BF:DC:AE)	0.804	-0.214	0.608	-26.978	-3.540	-23.438	-20.25	-53.05	170.71	2.727	-55.387	-15.707	-0.05008	-0.42163	0.15390	-0.89215	25.5	null	null	13113	75
2026-05-27T14:16:01.361	WT901BLE68(F3:F0:16:BF:DC:AE)	0.816	-0.167	0.514	-13.855	0.000	-21.301	-19.47	-53.99	167.11	2.727	-55.387	-15.707	-0.05008	-0.42163	0.15390	-0.89215	25.5	null	null	13113	75
2026-05-27T14:16:01.482	WT901BLE68(F3:F0:16:BF:DC:AE)	0.810	-0.159	0.537	-14.587	1.648	-15.930	-18.45	-54.34	164.02	2.727	-55.387	-15.707	-0.05008	-0.42163	0.15390	-0.89215	25.5	null	null	13113	75
2026-05-27T14:16:01.570	WT901BLE68(F3:F0:16:BF:DC:AE)	0.837	-0.123	0.574	-12.451	3.174	-9.521	-18.40	-54.47	161.88	16.407	-48.140	-25.753	-0.05008	-0.42163	0.15390	-0.89215	25.5	null	null	13113	75
2026-05-27T14:16:01.696	WT901BLE68(F3:F0:16:BF:DC:AE)	0.792	-0.144	0.536	-17.151	7.568	-8.789	-17.80	-54.29	159.86	16.407	-48.140	-25.753	-0.05008	-0.42163	0.15390	-0.89215	25.5	null	null	13113	75
2026-05-27T14:16:01.779	WT901BLE68(F3:F0:16:BF:DC:AE)	0.817	-0.093	0.564	-17.090	8.606	-4.883	-17.98	-53.76	158.14	16.407	-48.140	-25.753	-0.23041	-0.41565	0.21857	-0.85220	25.5	null	null	13113	75
2026-05-27T14:16:01.903	WT901BLE68(F3:F0:16:BF:DC:AE)	0.827	-0.248	0.657	-7.935	8.118	1.404	-18.35	-53.09	157.23	16.407	-48.140	-25.753	-0.23041	-0.41565	0.21857	-0.85220	25.5	null	null	13113	75
2026-05-27T14:16:01.960	WT901BLE68(F3:F0:16:BF:DC:AE)	0.802	-0.058	0.639	15.259	3.235	8.850	-18.04	-52.58	157.80	16.407	-48.140	-25.753	-0.23041	-0.41565	0.21857	-0.85220	25.5	null	null	13113	75
2026-05-27T14:16:02.082	WT901BLE68(F3:F0:16:BF:DC:AE)	0.830	-0.244	0.594	-10.803	-1.099	10.559	-19.37	-52.10	159.24	16.407	-48.140	-25.753	-0.23041	-0.41565	0.21857	-0.85220	25.5	null	null	13113	75
2026-05-27T14:16:02.172	WT901BLE68(F3:F0:16:BF:DC:AE)	0.737	-0.162	0.591	-6.958	-6.897	11.108	-21.66	-52.43	160.97	16.407	-48.140	-25.753	-0.23041	-0.41565	0.21857	-0.85220	25.5	null	null	13113	75
2026-05-27T14:16:02.292	WT901BLE68(F3:F0:16:BF:DC:AE)	0.833	-0.253	0.453	-40.588	5.066	0.000	-24.85	-52.34	161.95	16.407	-48.140	-25.753	-0.23041	-0.41565	0.21857	-0.85220	25.5	null	null	13113	75
2026-05-27T14:16:02.380	WT901BLE68(F3:F0:16:BF:DC:AE)	0.793	-0.283	0.573	-52.917	7.507	-13.977	-28.20	-52.48	160.06	16.407	-48.140	-25.753	-0.23041	-0.41565	0.21857	-0.85220	25.5	null	null	13113	75
2026-05-27T14:16:02.500	WT901BLE68(F3:F0:16:BF:DC:AE)	0.782	-0.323	0.502	-57.190	15.320	-22.522	-31.07	-52.41	156.68	21.667	-46.307	-33.147	-0.23041	-0.41565	0.21857	-0.85220	25.5	null	null	13113	75
2026-05-27T14:16:02.560	WT901BLE68(F3:F0:16:BF:DC:AE)	0.762	-0.366	0.455	-67.322	17.395	-40.039	-32.62	-52.71	150.98	21.667	-46.307	-33.147	-0.23041	-0.41565	0.21857	-0.85220	25.5	null	null	13113	75
2026-05-27T14:16:02.679	WT901BLE68(F3:F0:16:BF:DC:AE)	0.871	-0.311	0.433	-69.458	28.198	-55.237	-32.49	-53.44	142.62	21.667	-46.307	-33.147	-0.35767	-0.34180	0.36099	-0.79047	25.5	null	null	13113	75
2026-05-27T14:16:02.772	WT901BLE68(F3:F0:16:BF:DC:AE)	0.794	-0.326	0.452	-75.134	25.269	-73.792	-30.31	-54.69	131.28	21.667	-46.307	-33.147	-0.35767	-0.34180	0.36099	-0.79047	25.5	null	null	13113	75
2026-05-27T14:16:02.890	WT901BLE68(F3:F0:16:BF:DC:AE)	0.848	-0.278	0.431	-56.335	16.357	-68.115	-26.34	-56.57	119.54	21.667	-46.307	-33.147	-0.35767	-0.34180	0.36099	-0.79047	25.5	null	null	13113	75
2026-05-27T14:16:02.982	WT901BLE68(F3:F0:16:BF:DC:AE)	0.858	-0.201	0.402	-52.551	17.151	-57.617	-22.18	-57.56	108.50	21.667	-46.307	-33.147	-0.35767	-0.34180	0.36099	-0.79047	25.5	null	null	13113	75
2026-05-27T14:16:03.101	WT901BLE68(F3:F0:16:BF:DC:AE)	0.875	-0.104	0.425	-49.255	12.024	-44.312	-18.65	-58.15	99.10	21.667	-46.307	-33.147	-0.35767	-0.34180	0.36099	-0.79047	25.5	null	null	13113	75
2026-05-27T14:16:03.192	WT901BLE68(F3:F0:16:BF:DC:AE)	0.892	-0.142	0.480	-41.016	7.202	-38.757	-15.91	-58.58	91.42	21.667	-46.307	-33.147	-0.35767	-0.34180	0.36099	-0.79047	25.5	null	null	13113	75
2026-05-27T14:16:03.311	WT901BLE68(F3:F0:16:BF:DC:AE)	0.830	-0.178	0.493	-31.799	2.258	-24.841	-14.34	-59.01	85.67	21.667	-46.307	-33.147	-0.35767	-0.34180	0.36099	-0.79047	25.5	null	null	13113	75
2026-05-27T14:16:03.370	WT901BLE68(F3:F0:16:BF:DC:AE)	0.874	-0.134	0.462	-40.100	0.549	-15.686	-14.82	-59.32	82.56	28.567	6.747	-28.800	-0.35767	-0.34180	0.36099	-0.79047	25.5	null	null	13113	75
2026-05-27T14:16:03.492	WT901BLE68(F3:F0:16:BF:DC:AE)	0.844	-0.096	0.357	-31.067	-3.357	-14.465	-15.60	-59.89	80.44	28.567	6.747	-28.800	-0.35767	-0.34180	0.36099	-0.79047	25.5	null	null	13113	75
2026-05-27T14:16:03.580	WT901BLE68(F3:F0:16:BF:DC:AE)	0.872	-0.164	0.432	-32.104	-2.930	-8.606	-17.69	-60.41	78.38	28.567	6.747	-28.800	-0.70251	-0.22525	0.45828	-0.49561	25.5	null	null	13113	75
2026-05-27T14:16:03.701	WT901BLE68(F3:F0:16:BF:DC:AE)	0.908	-0.047	0.505	-27.100	1.709	-10.681	-18.40	-60.80	77.12	28.567	6.747	-28.800	-0.70251	-0.22525	0.45828	-0.49561	25.5	null	null	13113	75
2026-05-27T14:16:03.792	WT901BLE68(F3:F0:16:BF:DC:AE)	0.870	0.073	0.390	-29.602	1.709	-14.832	-18.05	-60.85	74.92	28.567	6.747	-28.800	-0.70251	-0.22525	0.45828	-0.49561	25.5	null	null	13113	75
2026-05-27T14:16:03.913	WT901BLE68(F3:F0:16:BF:DC:AE)	0.872	-0.123	0.458	-21.362	10.437	-18.982	-17.19	-60.69	71.76	28.567	6.747	-28.800	-0.70251	-0.22525	0.45828	-0.49561	25.5	null	null	13113	75
2026-05-27T14:16:03.970	WT901BLE68(F3:F0:16:BF:DC:AE)	0.879	-0.083	0.625	-24.719	18.250	-26.428	-15.50	-60.04	67.01	28.567	6.747	-28.800	-0.70251	-0.22525	0.45828	-0.49561	25.5	null	null	13113	75
2026-05-27T14:16:04.093	WT901BLE68(F3:F0:16:BF:DC:AE)	0.841	-0.123	0.479	-27.161	22.827	-33.875	-13.15	-58.61	60.81	28.567	6.747	-28.800	-0.70251	-0.22525	0.45828	-0.49561	25.5	null	null	13113	75
2026-05-27T14:16:04.180	WT901BLE68(F3:F0:16:BF:DC:AE)	0.810	-0.180	0.511	-36.743	19.714	-38.025	-10.85	-57.39	54.07	28.567	6.747	-28.800	-0.70251	-0.22525	0.45828	-0.49561	25.5	null	null	13113	75
2026-05-27T14:16:04.300	WT901BLE68(F3:F0:16:BF:DC:AE)	0.799	-0.202	0.576	-25.696	6.104	-33.081	-8.74	-56.77	47.80	16.007	17.273	-12.987	-0.70251	-0.22525	0.45828	-0.49561	25.5	null	null	13113	75
2026-05-27T14:16:04.388	WT901BLE68(F3:F0:16:BF:DC:AE)	0.861	-0.065	0.564	-27.283	-0.671	-27.039	-6.31	-56.93	42.84	16.007	17.273	-12.987	-0.70251	-0.22525	0.45828	-0.49561	25.5	null	null	13113	75
2026-05-27T14:16:04.511	WT901BLE68(F3:F0:16:BF:DC:AE)	0.856	-0.002	0.499	-12.939	-0.183	-25.085	-4.45	-56.99	38.45	16.007	17.273	-12.987	-0.82983	-0.12454	0.46191	-0.28699	25.5	null	null	13113	75
2026-05-27T14:16:04.599	WT901BLE68(F3:F0:16:BF:DC:AE)	0.811	0.011	0.629	-26.611	1.038	-32.654	-2.59	-57.18	33.23	16.007	17.273	-12.987	-0.82983	-0.12454	0.46191	-0.28699	25.5	null	null	13113	75
2026-05-27T14:16:04.725	WT901BLE68(F3:F0:16:BF:DC:AE)	0.874	-0.003	0.602	-34.302	3.784	-41.077	-0.08	-57.01	26.05	16.007	17.273	-12.987	-0.82983	-0.12454	0.46191	-0.28699	25.5	null	null	13113	75
2026-05-27T14:16:04.779	WT901BLE68(F3:F0:16:BF:DC:AE)	0.857	-0.142	0.605	-30.945	1.709	-32.349	2.26	-56.31	19.43	16.007	17.273	-12.987	-0.82983	-0.12454	0.46191	-0.28699	25.5	null	null	13113	75
2026-05-27T14:16:04.903	WT901BLE68(F3:F0:16:BF:DC:AE)	0.856	-0.397	0.473	1.099	-13.306	21.912	0.38	-56.61	17.70	16.007	17.273	-12.987	-0.82983	-0.12454	0.46191	-0.28699	25.5	null	null	13113	75
