time	DeviceName	AccX(g)	AccY(g)	AccZ(g)	AsX(°/s)	AsY(°/s)	AsZ(°/s)	AngleX(°)	AngleY(°)	AngleZ(°)	HX(uT)	HY(uT)	HZ(uT)	Q0()	Q1()	Q2()	Q3()	Temperature(°C)	Height(m)	Pressure(kPa)	Version()	Battery level(%)
2026-05-27T14:22:47.921	WT901BLE68(F3:F0:16:BF:DC:AE)	0.756	0.593	0.454	-1.221	35.522	-31.006	52.03	-48.07	42.05	22.893	7.100	-41.987	-0.67651	-0.51730	0.23792	-0.46692	25.9	null	null	13113	75
2026-05-27T14:22:47.979	WT901BLE68(F3:F0:16:BF:DC:AE)	0.742	0.650	0.493	6.042	46.509	-42.053	51.24	-42.67	43.01	22.893	7.100	-41.987	-0.67651	-0.51730	0.23792	-0.46692	25.9	null	null	13113	75
2026-05-27T14:22:48.098	WT901BLE68(F3:F0:16:BF:DC:AE)	0.602	0.827	0.619	-16.541	56.396	-54.688	50.82	-35.79	43.61	22.893	7.100	-41.987	-0.67651	-0.51730	0.23792	-0.46692	25.9	null	null	13113	75
2026-05-27T14:22:48.191	WT901BLE68(F3:F0:16:BF:DC:AE)	0.447	0.832	0.793	-53.406	91.614	-69.031	47.08	-26.36	44.16	22.893	7.100	-41.987	-0.67651	-0.51730	0.23792	-0.46692	25.9	null	null	13113	75
2026-05-27T14:22:48.312	WT901BLE68(F3:F0:16:BF:DC:AE)	0.305	0.702	0.700	-69.885	106.934	-66.956	40.43	-14.49	44.89	22.893	7.100	-41.987	-0.67651	-0.51730	0.23792	-0.46692	25.9	null	null	13113	75
2026-05-27T14:22:48.401	WT901BLE68(F3:F0:16:BF:DC:AE)	0.241	0.654	0.558	-66.406	87.097	-63.721	34.05	-3.60	43.34	22.893	7.100	-41.987	-0.67651	-0.51730	0.23792	-0.46692	25.9	null	null	13113	75
2026-05-27T14:22:48.519	WT901BLE68(F3:F0:16:BF:DC:AE)	0.099	0.479	0.615	-31.433	47.546	-66.711	29.90	4.03	37.57	0.793	30.720	1.860	-0.67651	-0.51730	0.23792	-0.46692	25.9	null	null	13113	75
2026-05-27T14:22:48.611	WT901BLE68(F3:F0:16:BF:DC:AE)	-0.128	0.366	0.777	-10.498	22.644	-51.697	27.71	8.58	30.09	0.793	30.720	1.860	-0.93500	-0.21518	-0.12891	-0.25052	25.9	null	null	13113	75
2026-05-27T14:22:48.732	WT901BLE68(F3:F0:16:BF:DC:AE)	-0.338	0.294	0.917	-16.724	11.414	-35.034	25.82	11.41	23.74	0.793	30.720	1.860	-0.93500	-0.21518	-0.12891	-0.25052	25.9	null	null	13113	75
2026-05-27T14:22:48.791	WT901BLE68(F3:F0:16:BF:DC:AE)	-0.465	0.219	0.982	-24.109	8.728	-28.198	22.46	13.82	18.69	0.793	30.720	1.860	-0.93500	-0.21518	-0.12891	-0.25052	25.9	null	null	13113	75
2026-05-27T14:22:48.910	WT901BLE68(F3:F0:16:BF:DC:AE)	-0.454	0.174	0.865	-28.809	6.409	-19.043	20.18	15.75	14.40	0.793	30.720	1.860	-0.93500	-0.21518	-0.12891	-0.25052	25.9	null	null	13113	75
2026-05-27T14:22:49.001	WT901BLE68(F3:F0:16:BF:DC:AE)	-0.416	0.181	0.870	-30.518	0.549	12.329	17.41	16.68	12.35	0.793	30.720	1.860	-0.93500	-0.21518	-0.12891	-0.25052	25.9	null	null	13113	75
2026-05-27T14:22:49.119	WT901BLE68(F3:F0:16:BF:DC:AE)	-0.104	0.294	0.857	-22.339	-6.104	29.480	14.93	16.00	12.33	0.793	30.720	1.860	-0.93500	-0.21518	-0.12891	-0.25052	25.9	null	null	13113	75
2026-05-27T14:22:49.210	WT901BLE68(F3:F0:16:BF:DC:AE)	0.000	0.403	0.903	1.221	4.700	6.226	14.42	15.12	10.91	0.793	30.720	1.860	-0.93500	-0.21518	-0.12891	-0.25052	25.9	null	null	13113	75
2026-05-27T14:22:49.329	WT901BLE68(F3:F0:16:BF:DC:AE)	-0.140	0.395	0.871	23.560	2.075	-25.269	15.98	15.33	6.15	0.793	30.720	1.860	-0.93500	-0.21518	-0.12891	-0.25052	25.9	null	null	13113	75
2026-05-27T14:22:49.391	WT901BLE68(F3:F0:16:BF:DC:AE)	-0.335	0.354	0.929	25.208	2.197	-35.400	17.70	16.01	0.05	-22.427	25.367	20.987	-0.93500	-0.21518	-0.12891	-0.25052	25.9	null	null	13113	75
2026-05-27T14:22:49.509	WT901BLE68(F3:F0:16:BF:DC:AE)	-0.549	0.150	0.959	21.118	4.822	-20.752	19.26	17.31	-4.78	-22.427	25.367	20.987	-0.93500	-0.21518	-0.12891	-0.25052	25.9	null	null	13113	75
2026-05-27T14:22:49.598	WT901BLE68(F3:F0:16:BF:DC:AE)	-0.618	0.131	1.008	-5.493	9.399	-3.967	19.30	18.73	-6.73	-22.427	25.367	20.987	-0.97137	-0.17438	-0.14331	0.07352	25.9	null	null	13113	75
2026-05-27T14:22:49.727	WT901BLE68(F3:F0:16:BF:DC:AE)	-0.646	0.102	0.763	-9.766	-7.751	12.146	18.31	19.65	-7.15	-22.427	25.367	20.987	-0.97137	-0.17438	-0.14331	0.07352	25.9	null	null	13113	75
2026-05-27T14:22:49.812	WT901BLE68(F3:F0:16:BF:DC:AE)	-0.363	0.049	0.498	-45.898	-76.172	54.077	15.67	15.28	-5.53	-22.427	25.367	20.987	-0.97137	-0.17438	-0.14331	0.07352	25.9	null	null	13113	75
2026-05-27T14:22:49.931	WT901BLE68(F3:F0:16:BF:DC:AE)	0.328	0.484	1.136	-13.794	-75.256	52.246	13.10	6.30	-2.20	-22.427	25.367	20.987	-0.97137	-0.17438	-0.14331	0.07352	25.9	null	null	13113	75
2026-05-27T14:22:50.021	WT901BLE68(F3:F0:16:BF:DC:AE)	0.185	0.410	1.130	24.170	-4.272	-11.353	14.57	2.60	-3.84	-22.427	25.367	20.987	-0.97137	-0.17438	-0.14331	0.07352	25.9	null	null	13113	75
2026-05-27T14:22:50.143	WT901BLE68(F3:F0:16:BF:DC:AE)	-0.117	0.322	1.127	25.940	39.856	-39.734	17.10	4.73	-7.86	-22.427	25.367	20.987	-0.97137	-0.17438	-0.14331	0.07352	25.9	null	null	13113	75
2026-05-27T14:22:50.199	WT901BLE68(F3:F0:16:BF:DC:AE)	-0.356	0.147	0.915	8.728	51.208	-26.367	18.39	10.17	-10.98	-14.593	27.913	16.613	-0.97137	-0.17438	-0.14331	0.07352	25.9	null	null	13113	75
2026-05-27T14:22:50.323	WT901BLE68(F3:F0:16:BF:DC:AE)	-0.371	0.138	0.682	-11.353	38.696	-9.583	18.20	15.22	-12.13	-14.593	27.913	16.613	-0.97137	-0.17438	-0.14331	0.07352	25.9	null	null	13113	75
2026-05-27T14:22:50.412	WT901BLE68(F3:F0:16:BF:DC:AE)	-0.424	0.217	0.684	-14.282	16.357	0.732	16.28	18.63	-12.47	-14.593	27.913	16.613	-0.97137	-0.17438	-0.14331	0.07352	25.9	null	null	13113	75
2026-05-27T14:22:50.530	WT901BLE68(F3:F0:16:BF:DC:AE)	-0.555	0.100	0.842	-4.761	-23.560	44.800	15.63	18.56	-11.65	-14.593	27.913	16.613	-0.96829	-0.15417	-0.14777	0.12930	25.9	null	null	13113	75
2026-05-27T14:22:50.629	WT901BLE68(F3:F0:16:BF:DC:AE)	-0.087	0.387	1.064	0.916	-64.087	75.745	16.38	13.05	-6.75	-14.593	27.913	16.613	-0.96829	-0.15417	-0.14777	0.12930	25.9	null	null	13113	75
2026-05-27T14:22:50.746	WT901BLE68(F3:F0:16:BF:DC:AE)	0.183	0.667	1.146	-4.395	-33.142	38.147	17.71	6.05	-3.01	-14.593	27.913	16.613	-0.96829	-0.15417	-0.14777	0.12930	25.9	null	null	13113	75
2026-05-27T14:22:50.803	WT901BLE68(F3:F0:16:BF:DC:AE)	0.021	0.510	0.954	13.977	31.067	-35.950	17.51	5.72	-4.45	-14.593	27.913	16.613	-0.96829	-0.15417	-0.14777	0.12930	25.9	null	null	13113	75
2026-05-27T14:22:50.926	WT901BLE68(F3:F0:16:BF:DC:AE)	-0.223	0.292	0.824	19.043	39.368	-61.279	18.72	10.26	-9.53	-14.593	27.913	16.613	-0.96829	-0.15417	-0.14777	0.12930	25.9	null	null	13113	75
2026-05-27T14:22:51.012	WT901BLE68(F3:F0:16:BF:DC:AE)	-0.386	0.118	0.854	3.418	24.475	-52.734	19.22	14.88	-15.48	-14.593	27.913	16.613	-0.96829	-0.15417	-0.14777	0.12930	25.9	null	null	13113	75
2026-05-27T14:22:51.132	WT901BLE68(F3:F0:16:BF:DC:AE)	-0.472	0.029	0.798	-1.770	-2.747	-24.170	17.70	17.36	-19.17	-14.593	27.913	16.613	-0.96829	-0.15417	-0.14777	0.12930	25.9	null	null	13113	75
2026-05-27T14:22:51.222	WT901BLE68(F3:F0:16:BF:DC:AE)	-0.536	0.079	0.783	8.545	-1.953	14.832	16.40	17.94	-20.26	-22.333	28.673	16.307	-0.96829	-0.15417	-0.14777	0.12930	25.9	null	null	13113	75
2026-05-27T14:22:51.344	WT901BLE68(F3:F0:16:BF:DC:AE)	-0.301	0.199	0.877	-29.968	-34.973	56.946	15.90	15.91	-17.21	-22.333	28.673	16.307	-0.96829	-0.15417	-0.14777	0.12930	25.9	null	null	13113	75
2026-05-27T14:22:51.431	WT901BLE68(F3:F0:16:BF:DC:AE)	0.068	0.473	1.104	-13.123	-12.878	43.030	14.69	11.73	-12.79	-22.333	28.673	16.307	-0.97348	-0.14487	-0.10150	0.14474	25.9	null	null	13113	75
2026-05-27T14:22:51.554	WT901BLE68(F3:F0:16:BF:DC:AE)	-0.084	0.472	0.987	2.808	30.212	-9.338	15.14	11.88	-12.01	-22.333	28.673	16.307	-0.97348	-0.14487	-0.10150	0.14474	25.9	null	null	13113	75
2026-05-27T14:22:51.612	WT901BLE68(F3:F0:16:BF:DC:AE)	-0.200	0.399	0.919	8.484	46.021	-49.683	15.49	15.62	-15.32	-22.333	28.673	16.307	-0.97348	-0.14487	-0.10150	0.14474	25.9	null	null	13113	75
2026-05-27T14:22:51.732	WT901BLE68(F3:F0:16:BF:DC:AE)	-0.483	0.181	0.823	8.179	45.593	-61.584	15.50	21.45	-21.22	-22.333	28.673	16.307	-0.97348	-0.14487	-0.10150	0.14474	25.9	null	null	13113	75
2026-05-27T14:22:51.822	WT901BLE68(F3:F0:16:BF:DC:AE)	-0.576	0.057	0.868	-6.042	19.958	-33.508	13.96	25.77	-26.03	-22.333	28.673	16.307	-0.97348	-0.14487	-0.10150	0.14474	25.9	null	null	13113	75
2026-05-27T14:22:51.944	WT901BLE68(F3:F0:16:BF:DC:AE)	-0.569	0.057	0.850	-6.897	1.282	-8.789	12.15	27.50	-28.25	-22.333	28.673	16.307	-0.97348	-0.14487	-0.10150	0.14474	25.9	null	null	13113	75
2026-05-27T14:22:52.030	WT901BLE68(F3:F0:16:BF:DC:AE)	-0.598	0.105	0.774	2.197	-15.381	9.094	11.27	27.22	-28.36	-31.853	25.740	20.860	-0.97348	-0.14487	-0.10150	0.14474	25.9	null	null	13113	75
2026-05-27T14:22:52.154	WT901BLE68(F3:F0:16:BF:DC:AE)	-0.529	-0.059	0.620	-19.104	-55.359	48.096	10.78	24.08	-26.28	-31.853	25.740	20.860	-0.97348	-0.14487	-0.10150	0.14474	25.9	null	null	13113	75
2026-05-27T14:22:52.209	WT901BLE68(F3:F0:16:BF:DC:AE)	-0.032	0.140	0.869	-28.015	-95.032	89.539	9.44	16.05	-19.73	-31.853	25.740	20.860	-0.96469	-0.11124	-0.13779	0.19467	25.9	null	null	13113	75
2026-05-27T14:22:52.331	WT901BLE68(F3:F0:16:BF:DC:AE)	0.172	0.277	0.952	10.864	-71.472	68.848	9.71	6.41	-13.27	-31.853	25.740	20.860	-0.96469	-0.11124	-0.13779	0.19467	25.9	null	null	13113	75
2026-05-27T14:22:52.420	WT901BLE68(F3:F0:16:BF:DC:AE)	0.223	0.429	1.045	13.611	-39.673	23.804	11.30	-0.29	-10.17	-31.853	25.740	20.860	-0.96469	-0.11124	-0.13779	0.19467	25.9	null	null	13113	75
2026-05-27T14:22:52.540	WT901BLE68(F3:F0:16:BF:DC:AE)	0.128	0.407	1.212	25.696	-1.587	-16.602	13.19	-2.96	-10.49	-31.853	25.740	20.860	-0.96469	-0.11124	-0.13779	0.19467	25.9	null	null	13113	75
2026-05-27T14:22:52.633	WT901BLE68(F3:F0:16:BF:DC:AE)	-0.057	0.414	1.158	21.790	34.424	-45.654	16.09	-0.58	-12.64	-31.853	25.740	20.860	-0.96469	-0.11124	-0.13779	0.19467	25.9	null	null	13113	75
2026-05-27T14:22:52.751	WT901BLE68(F3:F0:16:BF:DC:AE)	-0.205	0.289	1.097	-1.892	55.420	-56.885	17.04	5.21	-16.01	-31.853	25.740	20.860	-0.96469	-0.11124	-0.13779	0.19467	25.9	null	null	13113	75
2026-05-27T14:22:52.841	WT901BLE68(F3:F0:16:BF:DC:AE)	-0.258	0.164	0.864	-10.620	55.115	-48.767	15.60	12.11	-19.54	-31.853	25.740	20.860	-0.96469	-0.11124	-0.13779	0.19467	25.9	null	null	13113	75
2026-05-27T14:22:52.963	WT901BLE68(F3:F0:16:BF:DC:AE)	-0.325	0.122	0.713	-7.568	39.185	-34.973	13.98	17.69	-22.69	-17.033	27.313	18.347	-0.96469	-0.11124	-0.13779	0.19467	25.9	null	null	13113	75
2026-05-27T14:22:53.021	WT901BLE68(F3:F0:16:BF:DC:AE)	-0.532	0.004	0.589	-5.188	-8.972	-3.235	12.49	19.95	-24.59	-17.033	27.313	18.347	-0.96469	-0.11124	-0.13779	0.19467	25.9	null	null	13113	75
2026-05-27T14:22:53.144	WT901BLE68(F3:F0:16:BF:DC:AE)	-0.304	0.071	0.774	-0.732	-63.171	42.419	11.22	16.01	-22.51	-17.033	27.313	18.347	-0.96469	-0.11124	-0.13779	0.19467	25.9	null	null	13113	75
2026-05-27T14:22:53.231	WT901BLE68(F3:F0:16:BF:DC:AE)	0.049	0.262	1.029	-0.549	-66.833	53.833	10.67	8.69	-18.61	-17.033	27.313	18.347	-0.96957	-0.11407	-0.09811	0.19278	25.9	null	null	13113	75
2026-05-27T14:22:53.352	WT901BLE68(F3:F0:16:BF:DC:AE)	0.139	0.363	1.106	5.249	-30.090	24.780	11.27	3.13	-15.80	-17.033	27.313	18.347	-0.96957	-0.11407	-0.09811	0.19278	25.9	null	null	13113	75
2026-05-27T14:22:53.443	WT901BLE68(F3:F0:16:BF:DC:AE)	0.126	0.485	1.128	19.592	4.089	-9.094	12.89	1.66	-15.57	-17.033	27.313	18.347	-0.96957	-0.11407	-0.09811	0.19278	25.9	null	null	13113	75
2026-05-27T14:22:53.561	WT901BLE68(F3:F0:16:BF:DC:AE)	-0.145	0.415	1.067	23.560	41.870	-55.298	15.26	4.91	-18.63	-17.033	27.313	18.347	-0.96957	-0.11407	-0.09811	0.19278	25.9	null	null	13113	75
2026-05-27T14:22:53.621	WT901BLE68(F3:F0:16:BF:DC:AE)	-0.212	0.166	0.949	1.953	46.753	-58.411	15.67	10.55	-23.30	-17.033	27.313	18.347	-0.96957	-0.11407	-0.09811	0.19278	25.9	null	null	13113	75
2026-05-27T14:22:53.743	WT901BLE68(F3:F0:16:BF:DC:AE)	-0.324	0.113	0.847	-10.437	31.677	-37.659	14.41	15.56	-26.96	-17.033	27.313	18.347	-0.96957	-0.11407	-0.09811	0.19278	25.9	null	null	13113	75
2026-05-27T14:22:53.836	WT901BLE68(F3:F0:16:BF:DC:AE)	-0.374	0.114	0.846	1.282	15.625	-13.184	13.04	18.34	-28.85	-17.033	27.313	18.347	-0.96957	-0.11407	-0.09811	0.19278	25.9	null	null	13113	75
2026-05-27T14:22:53.953	WT901BLE68(F3:F0:16:BF:DC:AE)	-0.433	0.167	0.903	-1.953	-5.554	4.456	12.83	19.02	-29.02	-23.120	29.273	17.173	-0.96957	-0.11407	-0.09811	0.19278	25.9	null	null	13113	75
2026-05-27T14:22:54.040	WT901BLE68(F3:F0:16:BF:DC:AE)	-0.450	0.055	0.867	-17.334	-30.029	22.278	12.43	17.29	-27.86	-23.120	29.273	17.173	-0.94727	-0.14438	-0.12454	0.25729	25.9	null	null	13113	75
2026-05-27T14:22:54.162	WT901BLE68(F3:F0:16:BF:DC:AE)	-0.225	0.097	0.779	1.038	-57.129	53.650	12.66	12.47	-24.49	-23.120	29.273	17.173	-0.94727	-0.14438	-0.12454	0.25729	25.9	null	null	13113	75
2026-05-27T14:22:54.251	WT901BLE68(F3:F0:16:BF:DC:AE)	0.040	0.237	0.947	-8.179	-58.228	73.364	12.65	5.63	-18.90	-23.120	29.273	17.173	-0.94727	-0.14438	-0.12454	0.25729	25.9	null	null	13113	75
2026-05-27T14:22:54.371	WT901BLE68(F3:F0:16:BF:DC:AE)	0.219	0.439	1.039	12.329	-32.288	49.622	13.59	-0.18	-13.38	-23.120	29.273	17.173	-0.94727	-0.14438	-0.12454	0.25729	25.9	null	null	13113	75
2026-05-27T14:22:54.434	WT901BLE68(F3:F0:16:BF:DC:AE)	0.152	0.520	1.060	8.850	10.803	-4.944	14.89	-1.44	-11.68	-23.120	29.273	17.173	-0.94727	-0.14438	-0.12454	0.25729	25.9	null	null	13113	75
2026-05-27T14:22:54.553	WT901BLE68(F3:F0:16:BF:DC:AE)	-0.012	0.457	1.035	2.380	20.874	-38.635	16.18	0.82	-13.31	-23.120	29.273	17.173	-0.94727	-0.14438	-0.12454	0.25729	25.9	null	null	13113	75
2026-05-27T14:22:54.639	WT901BLE68(F3:F0:16:BF:DC:AE)	-0.104	0.312	0.982	-1.038	22.339	-47.180	16.41	4.00	-16.63	-23.120	29.273	17.173	-0.94727	-0.14438	-0.12454	0.25729	25.9	null	null	13113	75
2026-05-27T14:22:54.761	WT901BLE68(F3:F0:16:BF:DC:AE)	-0.208	0.106	0.878	2.441	11.841	-35.706	16.30	6.76	-19.99	-23.120	29.273	17.173	-0.94727	-0.14438	-0.12454	0.25729	25.9	null	null	13113	75
2026-05-27T14:22:54.848	WT901BLE68(F3:F0:16:BF:DC:AE)	-0.326	-0.033	0.850	0.916	-14.221	5.127	15.71	6.97	-21.08	-9.960	29.853	12.987	-0.94727	-0.14438	-0.12454	0.25729	25.9	null	null	13113	75
2026-05-27T14:22:54.970	WT901BLE68(F3:F0:16:BF:DC:AE)	-0.197	0.066	0.662	-17.395	-65.796	62.622	14.36	2.48	-17.43	-9.960	29.853	12.987	-0.97565	-0.13666	-0.01883	0.17023	25.9	null	null	13113	75
2026-05-27T14:22:55.029	WT901BLE68(F3:F0:16:BF:DC:AE)	0.262	0.184	0.648	-14.954	-111.938	94.299	11.73	-8.25	-10.46	-9.960	29.853	12.987	-0.97565	-0.13666	-0.01883	0.17023	25.9	null	null	13113	75
2026-05-27T14:22:55.149	WT901BLE68(F3:F0:16:BF:DC:AE)	0.573	0.360	0.975	33.813	-65.430	54.565	11.61	-18.42	-3.43	-9.960	29.853	12.987	-0.97565	-0.13666	-0.01883	0.17023	25.9	null	null	13113	75
2026-05-27T14:22:55.244	WT901BLE68(F3:F0:16:BF:DC:AE)	0.458	0.376	0.970	33.691	-15.747	7.568	14.04	-22.57	0.86	-9.960	29.853	12.987	-0.97565	-0.13666	-0.01883	0.17023	25.9	null	null	13113	75
2026-05-27T14:22:55.360	WT901BLE68(F3:F0:16:BF:DC:AE)	0.499	0.412	0.875	35.095	-16.296	1.465	18.49	-24.30	2.91	-9.960	29.853	12.987	-0.97565	-0.13666	-0.01883	0.17023	25.9	null	null	13113	75
2026-05-27T14:22:55.450	WT901BLE68(F3:F0:16:BF:DC:AE)	0.604	0.590	0.960	15.320	9.827	-37.048	22.88	-23.60	2.62	-9.960	29.853	12.987	-0.97565	-0.13666	-0.01883	0.17023	25.9	null	null	13113	75
2026-05-27T14:22:55.571	WT901BLE68(F3:F0:16:BF:DC:AE)	0.366	0.438	1.001	2.808	32.043	-56.152	25.35	-19.59	0.18	-9.960	29.853	12.987	-0.97565	-0.13666	-0.01883	0.17023	25.9	null	null	13113	75
2026-05-27T14:22:55.658	WT901BLE68(F3:F0:16:BF:DC:AE)	0.141	0.280	0.917	-12.695	52.673	-44.922	24.72	-13.30	-1.47	11.207	29.227	-8.073	-0.97565	-0.13666	-0.01883	0.17023	25.9	null	null	13113	75
2026-05-27T14:22:55.779	WT901BLE68(F3:F0:16:BF:DC:AE)	0.013	0.215	0.729	-15.015	16.663	-5.005	23.14	-9.04	-1.33	11.207	29.227	-8.073	-0.97565	-0.13666	-0.01883	0.17023	25.9	null	null	13113	75
2026-05-27T14:22:55.838	WT901BLE68(F3:F0:16:BF:DC:AE)	0.077	0.234	0.667	-16.296	-41.870	33.752	21.25	-10.24	0.14	11.207	29.227	-8.073	-0.97882	-0.18637	0.08286	-0.01416	25.9	null	null	13113	75
2026-05-27T14:22:55.962	WT901BLE68(F3:F0:16:BF:DC:AE)	0.384	0.057	0.544	-8.972	-103.210	83.130	19.44	-18.35	3.48	11.207	29.227	-8.073	-0.97882	-0.18637	0.08286	-0.01416	25.9	null	null	13113	75
2026-05-27T14:22:56.049	WT901BLE68(F3:F0:16:BF:DC:AE)	0.962	0.197	0.782	-6.165	-127.136	120.056	13.98	-33.06	12.40	11.207	29.227	-8.073	-0.97882	-0.18637	0.08286	-0.01416	25.9	null	null	13113	75
2026-05-27T14:22:56.170	WT901BLE68(F3:F0:16:BF:DC:AE)	0.994	0.478	0.937	35.400	-47.913	47.058	9.14	-44.88	24.34	11.207	29.227	-8.073	-0.97882	-0.18637	0.08286	-0.01416	25.9	null	null	13113	75
2026-05-27T14:22:56.264	WT901BLE68(F3:F0:16:BF:DC:AE)	0.767	0.307	0.811	3.296	0.122	-21.057	10.81	-46.64	26.81	11.207	29.227	-8.073	-0.97882	-0.18637	0.08286	-0.01416	25.9	null	null	13113	75
2026-05-27T14:22:56.382	WT901BLE68(F3:F0:16:BF:DC:AE)	0.725	0.321	0.816	1.343	31.006	-41.504	14.00	-44.48	25.42	11.207	29.227	-8.073	-0.97882	-0.18637	0.08286	-0.01416	25.9	null	null	13113	75
2026-05-27T14:22:56.442	WT901BLE68(F3:F0:16:BF:DC:AE)	0.695	0.276	0.738	-8.728	49.622	-65.125	17.64	-38.73	21.96	11.207	29.227	-8.073	-0.97882	-0.18637	0.08286	-0.01416	25.9	null	null	13113	75
2026-05-27T14:22:56.562	WT901BLE68(F3:F0:16:BF:DC:AE)	0.467	0.113	0.746	-12.268	31.006	-48.523	19.96	-32.79	18.18	11.207	29.227	-8.073	-0.97882	-0.18637	0.08286	-0.01416	25.9	null	null	13113	75
2026-05-27T14:22:56.649	WT901BLE68(F3:F0:16:BF:DC:AE)	0.389	0.113	0.700	-9.644	-11.658	4.211	19.70	-31.11	17.52	21.520	21.340	-19.173	-0.97882	-0.18637	0.08286	-0.01416	25.9	null	null	13113	75
2026-05-27T14:22:56.772	WT901BLE68(F3:F0:16:BF:DC:AE)	0.404	0.218	0.736	11.536	-50.659	34.973	18.52	-34.58	20.10	21.520	21.340	-19.173	-0.97882	-0.18637	0.08286	-0.01416	25.9	null	null	13113	75
2026-05-27T14:22:56.863	WT901BLE68(F3:F0:16:BF:DC:AE)	0.736	0.000	0.563	-18.799	-87.830	91.492	13.94	-42.29	25.98	21.520	21.340	-19.173	-0.91028	-0.20407	0.28101	-0.22504	25.9	null	null	13113	75
2026-05-27T14:22:56.980	WT901BLE68(F3:F0:16:BF:DC:AE)	0.989	0.430	0.707	43.518	-9.766	35.278	3.86	-50.98	39.72	21.520	21.340	-19.173	-0.91028	-0.20407	0.28101	-0.22504	25.9	null	null	13113	75
2026-05-27T14:22:57.072	WT901BLE68(F3:F0:16:BF:DC:AE)	0.840	0.024	0.546	6.042	-1.648	-7.751	3.20	-50.92	41.31	21.520	21.340	-19.173	-0.91028	-0.20407	0.28101	-0.22504	25.9	null	null	13113	75
2026-05-27T14:22:57.192	WT901BLE68(F3:F0:16:BF:DC:AE)	0.852	0.166	0.618	12.329	15.259	-28.259	7.29	-50.32	40.53	21.520	21.340	-19.173	-0.91028	-0.20407	0.28101	-0.22504	25.9	null	null	13113	75
2026-05-27T14:22:57.250	WT901BLE68(F3:F0:16:BF:DC:AE)	0.905	0.291	0.610	-16.724	38.513	-63.477	12.41	-47.16	35.47	21.520	21.340	-19.173	-0.91028	-0.20407	0.28101	-0.22504	25.9	null	null	13113	75
2026-05-27T14:22:57.371	WT901BLE68(F3:F0:16:BF:DC:AE)	0.831	0.206	0.750	-5.249	55.481	-71.533	16.83	-40.91	28.99	21.520	21.340	-19.173	-0.91028	-0.20407	0.28101	-0.22504	25.9	null	null	13113	75
2026-05-27T14:22:57.459	WT901BLE68(F3:F0:16:BF:DC:AE)	0.460	0.193	0.789	11.169	35.095	-42.480	20.58	-35.16	24.82	20.620	22.780	-23.467	-0.91028	-0.20407	0.28101	-0.22504	25.9	null	null	13113	75
2026-05-27T14:22:57.582	WT901BLE68(F3:F0:16:BF:DC:AE)	0.364	0.148	0.779	-6.165	11.353	-10.132	21.37	-32.39	23.67	20.620	22.780	-23.467	-0.91028	-0.20407	0.28101	-0.22504	25.9	null	null	13113	75
2026-05-27T14:22:57.670	WT901BLE68(F3:F0:16:BF:DC:AE)	0.454	0.268	0.743	-11.230	-14.282	13.062	19.68	-32.45	24.40	20.620	22.780	-23.467	-0.91501	-0.22177	0.23135	-0.24487	25.9	null	null	13113	75
2026-05-27T14:22:57.791	WT901BLE68(F3:F0:16:BF:DC:AE)	0.436	0.257	0.589	12.512	-36.255	23.193	19.01	-35.05	25.89	20.620	22.780	-23.467	-0.91501	-0.22177	0.23135	-0.24487	25.9	null	null	13113	75
2026-05-27T14:22:57.852	WT901BLE68(F3:F0:16:BF:DC:AE)	0.593	0.039	0.422	-9.277	-91.675	69.824	17.09	-41.87	29.13	20.620	22.780	-23.467	-0.91501	-0.22177	0.23135	-0.24487	25.9	null	null	13113	75
2026-05-27T14:22:57.969	WT901BLE68(F3:F0:16:BF:DC:AE)	1.321	0.057	0.584	4.639	-137.451	126.648	5.99	-56.67	42.23	20.620	22.780	-23.467	-0.91501	-0.22177	0.23135	-0.24487	25.9	null	null	13113	75
2026-05-27T14:22:58.064	WT901BLE68(F3:F0:16:BF:DC:AE)	0.998	0.060	0.469	-58.960	-11.963	-15.808	1.14	-62.19	51.63	20.620	22.780	-23.467	-0.91501	-0.22177	0.23135	-0.24487	25.9	null	null	13113	75
2026-05-27T14:22:58.183	WT901BLE68(F3:F0:16:BF:DC:AE)	0.910	0.119	0.600	7.874	-6.226	-9.766	3.17	-63.07	50.56	20.620	22.780	-23.467	-0.91501	-0.22177	0.23135	-0.24487	25.9	null	null	13113	75
2026-05-27T14:22:58.272	WT901BLE68(F3:F0:16:BF:DC:AE)	1.048	0.152	0.417	19.104	19.287	-43.274	8.20	-61.91	46.40	20.620	22.780	-23.467	-0.91501	-0.22177	0.23135	-0.24487	25.9	null	null	13113	75
2026-05-27T14:22:58.389	WT901BLE68(F3:F0:16:BF:DC:AE)	0.932	0.344	0.439	19.531	23.254	-61.401	19.26	-58.52	38.33	21.980	14.000	-44.167	-0.91501	-0.22177	0.23135	-0.24487	25.9	null	null	13113	75
2026-05-27T14:22:58.483	WT901BLE68(F3:F0:16:BF:DC:AE)	0.792	0.156	0.539	-11.292	16.357	-52.979	26.79	-54.22	30.24	21.980	14.000	-44.167	-0.91501	-0.22177	0.23135	-0.24487	25.9	null	null	13113	75
2026-05-27T14:22:58.601	WT901BLE68(F3:F0:16:BF:DC:AE)	0.695	0.063	0.613	-35.889	-0.793	-11.169	27.32	-52.44	27.13	21.980	14.000	-44.167	-0.81885	-0.31335	0.36649	-0.31128	25.9	null	null	13113	75
2026-05-27T14:22:58.660	WT901BLE68(F3:F0:16:BF:DC:AE)	0.757	0.231	0.650	-10.681	-6.226	16.052	23.82	-53.25	29.26	21.980	14.000	-44.167	-0.81885	-0.31335	0.36649	-0.31128	25.9	null	null	13113	75
2026-05-27T14:22:58.783	WT901BLE68(F3:F0:16:BF:DC:AE)	0.709	0.261	0.491	3.662	-8.301	21.362	20.71	-54.37	32.59	21.980	14.000	-44.167	-0.81885	-0.31335	0.36649	-0.31128	25.9	null	null	13113	75
2026-05-27T14:22:58.873	WT901BLE68(F3:F0:16:BF:DC:AE)	1.006	-0.050	0.291	-49.683	-106.812	100.647	13.12	-61.23	40.30	21.980	14.000	-44.167	-0.81885	-0.31335	0.36649	-0.31128	25.9	null	null	13113	75
2026-05-27T14:22:58.992	WT901BLE68(F3:F0:16:BF:DC:AE)	0.987	0.261	0.377	-51.147	17.761	-24.902	7.07	-65.36	50.10	21.980	14.000	-44.167	-0.81885	-0.31335	0.36649	-0.31128	25.9	null	null	13113	75
2026-05-27T14:22:59.081	WT901BLE68(F3:F0:16:BF:DC:AE)	0.915	0.055	0.407	13.733	-2.930	5.127	7.58	-65.31	49.20	21.980	14.000	-44.167	-0.81885	-0.31335	0.36649	-0.31128	25.9	null	null	13113	75
2026-05-27T14:22:59.205	WT901BLE68(F3:F0:16:BF:DC:AE)	0.975	0.109	0.416	-3.784	9.766	-7.690	7.84	-65.10	49.45	21.980	14.000	-44.167	-0.81885	-0.31335	0.36649	-0.31128	25.9	null	null	13113	75
2026-05-27T14:22:59.261	WT901BLE68(F3:F0:16:BF:DC:AE)	1.028	0.229	0.457	-11.902	22.339	-39.795	12.30	-63.12	45.75	19.487	17.253	-45.587	-0.81885	-0.31335	0.36649	-0.31128	25.9	null	null	13113	75
2026-05-27T14:22:59.380	WT901BLE68(F3:F0:16:BF:DC:AE)	0.934	0.197	0.465	-24.841	21.729	-74.036	19.99	-59.38	35.45	19.487	17.253	-45.587	-0.81885	-0.31335	0.36649	-0.31128	25.9	null	null	13113	75
2026-05-27T14:22:59.469	WT901BLE68(F3:F0:16:BF:DC:AE)	0.754	0.117	0.534	-13.794	12.756	-33.569	24.80	-55.82	27.21	19.487	17.253	-45.587	-0.80801	-0.29092	0.40610	-0.31216	25.9	null	null	13113	75
2026-05-27T14:22:59.591	WT901BLE68(F3:F0:16:BF:DC:AE)	0.709	0.225	0.589	-8.667	8.606	10.498	23.79	-54.78	27.82	19.487	17.253	-45.587	-0.80801	-0.29092	0.40610	-0.31216	25.9	null	null	13113	75
2026-05-27T14:22:59.681	WT901BLE68(F3:F0:16:BF:DC:AE)	0.798	0.249	0.542	-7.019	-5.188	25.574	19.88	-55.43	31.64	19.487	17.253	-45.587	-0.80801	-0.29092	0.40610	-0.31216	25.9	null	null	13113	75
2026-05-27T14:22:59.801	WT901BLE68(F3:F0:16:BF:DC:AE)	0.830	0.204	0.506	21.362	-7.629	20.508	17.25	-56.42	35.32	19.487	17.253	-45.587	-0.80801	-0.29092	0.40610	-0.31216	25.9	null	null	13113	75
2026-05-27T14:22:59.894	WT901BLE68(F3:F0:16:BF:DC:AE)	0.906	0.159	0.404	10.620	-38.025	38.513	16.06	-59.53	39.38	19.487	17.253	-45.587	-0.80801	-0.29092	0.40610	-0.31216	25.9	null	null	13113	75
2026-05-27T14:23:00.010	WT901BLE68(F3:F0:16:BF:DC:AE)	0.468	0.092	0.211	29.419	-20.813	21.057	13.84	-63.24	44.67	19.487	17.253	-45.587	-0.80801	-0.29092	0.40610	-0.31216	25.9	null	null	13113	75
2026-05-27T14:23:00.072	WT901BLE68(F3:F0:16:BF:DC:AE)	0.863	0.090	0.393	10.681	-4.883	-4.761	15.19	-64.19	44.69	19.487	17.253	-45.587	-0.80801	-0.29092	0.40610	-0.31216	25.9	null	null	13113	75
2026-05-27T14:23:00.194	WT901BLE68(F3:F0:16:BF:DC:AE)	0.880	0.204	0.425	4.578	13.733	-22.461	17.17	-63.48	43.00	19.487	17.253	-45.587	-0.80801	-0.29092	0.40610	-0.31216	25.9	null	null	13113	75
2026-05-27T14:23:00.281	WT901BLE68(F3:F0:16:BF:DC:AE)	0.896	0.194	0.497	-23.560	24.048	-37.781	20.06	-60.41	37.83	17.213	20.987	-44.360	-0.80801	-0.29092	0.40610	-0.31216	25.9	null	null	13113	75
2026-05-27T14:23:00.404	WT901BLE68(F3:F0:16:BF:DC:AE)	0.777	0.150	0.522	-30.640	28.015	-39.124	22.93	-56.21	32.70	17.213	20.987	-44.360	-0.80801	-0.29092	0.40610	-0.31216	25.9	null	null	13113	75
2026-05-27T14:23:00.490	WT901BLE68(F3:F0:16:BF:DC:AE)	0.733	0.063	0.528	-17.151	16.541	0.000	20.91	-53.79	31.71	17.213	20.987	-44.360	-0.81393	-0.28818	0.38800	-0.32224	25.9	null	null	13113	75
2026-05-27T14:23:00.612	WT901BLE68(F3:F0:16:BF:DC:AE)	0.753	0.138	0.507	-9.460	-1.709	28.503	17.09	-53.95	35.58	17.213	20.987	-44.360	-0.81393	-0.28818	0.38800	-0.32224	25.9	null	null	13113	75
2026-05-27T14:23:00.672	WT901BLE68(F3:F0:16:BF:DC:AE)	0.849	0.176	0.533	8.240	-19.775	30.945	12.73	-56.12	40.53	17.213	20.987	-44.360	-0.81393	-0.28818	0.38800	-0.32224	25.9	null	null	13113	75
2026-05-27T14:23:00.791	WT901BLE68(F3:F0:16:BF:DC:AE)	0.897	0.167	0.602	-24.170	-15.747	19.043	9.25	-58.66	44.33	17.213	20.987	-44.360	-0.81393	-0.28818	0.38800	-0.32224	25.9	null	null	13113	75
2026-05-27T14:23:00.882	WT901BLE68(F3:F0:16:BF:DC:AE)	0.927	0.184	0.512	-23.865	14.404	-28.442	9.73	-58.12	42.43	17.213	20.987	-44.360	-0.81393	-0.28818	0.38800	-0.32224	25.9	null	null	13113	75
2026-05-27T14:23:01.003	WT901BLE68(F3:F0:16:BF:DC:AE)	0.868	0.158	0.477	-22.949	22.095	-48.462	14.56	-55.39	35.22	17.213	20.987	-44.360	-0.81393	-0.28818	0.38800	-0.32224	25.9	null	null	13113	75
2026-05-27T14:23:01.089	WT901BLE68(F3:F0:16:BF:DC:AE)	0.806	0.108	0.530	-25.757	15.991	-32.349	16.81	-52.94	29.47	11.960	31.093	-31.920	-0.81393	-0.28818	0.38800	-0.32224	25.9	null	null	13113	75
2026-05-27T14:23:01.216	WT901BLE68(F3:F0:16:BF:DC:AE)	0.810	0.165	0.595	-1.831	17.761	-13.123	16.78	-51.09	27.23	11.960	31.093	-31.920	-0.81393	-0.28818	0.38800	-0.32224	25.9	null	null	13113	75
2026-05-27T14:23:01.299	WT901BLE68(F3:F0:16:BF:DC:AE)	0.709	0.197	0.657	-9.277	11.963	-1.160	17.34	-49.35	26.85	11.960	31.093	-31.920	-0.85800	-0.23004	0.37128	-0.27008	25.9	null	null	13113	75
2026-05-27T14:23:01.423	WT901BLE68(F3:F0:16:BF:DC:AE)	0.705	0.153	0.744	-8.240	4.761	11.230	15.62	-48.76	27.57	11.960	31.093	-31.920	-0.85800	-0.23004	0.37128	-0.27008	25.9	null	null	13113	75
2026-05-27T14:23:01.481	WT901BLE68(F3:F0:16:BF:DC:AE)	0.772	0.064	0.686	8.789	-8.850	33.875	12.84	-48.98	30.35	11.960	31.093	-31.920	-0.85800	-0.23004	0.37128	-0.27008	25.9	null	null	13113	75
2026-05-27T14:23:01.603	WT901BLE68(F3:F0:16:BF:DC:AE)	0.880	0.094	0.616	-22.949	-10.864	36.011	8.91	-50.75	35.63	11.960	31.093	-31.920	-0.85800	-0.23004	0.37128	-0.27008	25.9	null	null	13113	75
2026-05-27T14:23:01.689	WT901BLE68(F3:F0:16:BF:DC:AE)	0.853	0.076	0.538	24.841	-7.690	31.616	5.22	-52.12	40.67	11.960	31.093	-31.920	-0.85800	-0.23004	0.37128	-0.27008	25.9	null	null	13113	75
2026-05-27T14:23:01.812	WT901BLE68(F3:F0:16:BF:DC:AE)	0.944	0.171	0.638	-7.141	0.427	1.160	3.98	-53.35	44.18	11.960	31.093	-31.920	-0.85800	-0.23004	0.37128	-0.27008	25.9	null	null	13113	75
2026-05-27T14:23:01.901	WT901BLE68(F3:F0:16:BF:DC:AE)	1.007	0.338	0.811	-13.489	62.988	-62.256	6.62	-50.71	40.12	11.960	31.093	-31.920	-0.85800	-0.23004	0.37128	-0.27008	25.9	null	null	13113	75
2026-05-27T14:23:02.020	WT901BLE68(F3:F0:16:BF:DC:AE)	0.667	0.105	0.727	-47.180	83.740	-87.097	11.49	-41.75	29.95	12.360	31.573	-23.260	-0.85800	-0.23004	0.37128	-0.27008	25.9	null	null	13113	75
2026-05-27T14:23:02.082	WT901BLE68(F3:F0:16:BF:DC:AE)	0.382	-0.065	0.802	-29.541	52.002	-47.913	12.38	-33.93	21.98	12.360	31.573	-23.260	-0.85800	-0.23004	0.37128	-0.27008	25.9	null	null	13113	75
2026-05-27T14:23:02.203	WT901BLE68(F3:F0:16:BF:DC:AE)	0.270	-0.052	0.821	-18.555	31.616	8.362	9.50	-29.25	19.76	12.360	31.573	-23.260	-0.85800	-0.23004	0.37128	-0.27008	25.9	null	null	13113	75
2026-05-27T14:23:02.293	WT901BLE68(F3:F0:16:BF:DC:AE)	0.340	0.000	0.844	-10.681	8.484	46.143	5.45	-27.17	22.03	12.360	31.573	-23.260	-0.94882	-0.11377	0.22809	-0.18622	25.9	null	null	13113	75
2026-05-27T14:23:02.411	WT901BLE68(F3:F0:16:BF:DC:AE)	0.394	-0.029	0.550	15.747	-34.607	68.054	1.82	-27.75	27.04	12.360	31.573	-23.260	-0.94882	-0.11377	0.22809	-0.18622	25.9	null	null	13113	75
2026-05-27T14:23:02.502	WT901BLE68(F3:F0:16:BF:DC:AE)	0.687	-0.146	0.546	12.390	-89.539	90.088	-2.30	-33.75	35.11	12.360	31.573	-23.260	-0.94882	-0.11377	0.22809	-0.18622	25.9	null	null	13113	75
2026-05-27T14:23:02.623	WT901BLE68(F3:F0:16:BF:DC:AE)	0.943	-0.250	0.827	-12.695	-47.729	64.880	-10.51	-41.26	46.05	12.360	31.573	-23.260	-0.94882	-0.11377	0.22809	-0.18622	25.9	null	null	13113	75
2026-05-27T14:23:02.710	WT901BLE68(F3:F0:16:BF:DC:AE)	0.741	0.151	0.756	26.611	-5.859	21.667	-11.85	-42.65	53.65	12.360	31.573	-23.260	-0.94882	-0.11377	0.22809	-0.18622	25.9	null	null	13113	75
2026-05-27T14:23:02.833	WT901BLE68(F3:F0:16:BF:DC:AE)	0.779	0.189	0.838	-1.892	11.902	-45.410	-8.93	-42.76	52.18	12.360	31.573	-23.260	-0.94882	-0.11377	0.22809	-0.18622	25.9	null	null	13113	75
2026-05-27T14:23:02.889	WT901BLE68(F3:F0:16:BF:DC:AE)	0.831	0.112	0.746	-6.897	25.146	-112.366	-0.70	-41.53	40.83	22.187	22.140	-16.507	-0.94882	-0.11377	0.22809	-0.18622	25.9	null	null	13113	75
2026-05-27T14:23:03.012	WT901BLE68(F3:F0:16:BF:DC:AE)	0.675	-0.090	0.843	-23.621	15.198	-103.577	7.66	-39.36	25.90	22.187	22.140	-16.507	-0.94882	-0.11377	0.22809	-0.18622	25.9	null	null	13113	75
2026-05-27T14:23:03.100	WT901BLE68(F3:F0:16:BF:DC:AE)	0.514	-0.104	0.865	-7.202	28.748	-50.964	11.54	-35.95	16.56	22.187	22.140	-16.507	-0.92578	-0.13913	0.29904	-0.18454	25.9	null	null	13113	75
2026-05-27T14:23:03.226	WT901BLE68(F3:F0:16:BF:DC:AE)	0.390	0.057	0.820	6.958	23.682	7.935	12.00	-32.74	14.60	22.187	22.140	-16.507	-0.92578	-0.13913	0.29904	-0.18454	25.9	null	null	13113	75
2026-05-27T14:23:03.310	WT901BLE68(F3:F0:16:BF:DC:AE)	0.431	0.077	0.833	23.682	2.075	32.593	10.92	-31.56	17.18	22.187	22.140	-16.507	-0.92578	-0.13913	0.29904	-0.18454	25.9	null	null	13113	75
2026-05-27T14:23:03.434	WT901BLE68(F3:F0:16:BF:DC:AE)	0.531	0.080	0.779	-9.399	-27.100	66.101	9.79	-33.28	21.73	22.187	22.140	-16.507	-0.92578	-0.13913	0.29904	-0.18454	25.9	null	null	13113	75
2026-05-27T14:23:03.493	WT901BLE68(F3:F0:16:BF:DC:AE)	0.745	0.055	0.740	-4.211	-42.297	81.726	2.49	-37.64	30.34	22.187	22.140	-16.507	-0.92578	-0.13913	0.29904	-0.18454	25.9	null	null	13113	75
2026-05-27T14:23:03.611	WT901BLE68(F3:F0:16:BF:DC:AE)	0.910	0.164	0.751	19.104	-31.860	57.861	-2.93	-41.68	40.14	22.187	22.140	-16.507	-0.92578	-0.13913	0.29904	-0.18454	25.9	null	null	13113	75
2026-05-27T14:23:03.703	WT901BLE68(F3:F0:16:BF:DC:AE)	0.764	0.149	0.799	5.981	14.465	-27.588	-2.03	-42.53	41.50	22.187	22.140	-16.507	-0.92578	-0.13913	0.29904	-0.18454	25.9	null	null	13113	75
2026-05-27T14:23:03.819	WT901BLE68(F3:F0:16:BF:DC:AE)	0.695	0.134	0.807	10.742	34.119	-59.814	3.37	-40.09	35.42	19.253	25.573	-17.013	-0.92578	-0.13913	0.29904	-0.18454	25.9	null	null	13113	75
2026-05-27T14:23:03.913	WT901BLE68(F3:F0:16:BF:DC:AE)	0.582	0.071	0.880	0.977	40.405	-70.618	9.25	-35.62	27.13	19.253	25.573	-17.013	-0.92578	-0.13913	0.29904	-0.18454	25.9	null	null	13113	75
2026-05-27T14:23:04.029	WT901BLE68(F3:F0:16:BF:DC:AE)	0.490	0.024	0.833	-18.188	27.039	-49.622	11.94	-31.10	20.39	19.253	25.573	-17.013	-0.93045	-0.14868	0.25574	-0.21597	25.9	null	null	13113	75
2026-05-27T14:23:04.122	WT901BLE68(F3:F0:16:BF:DC:AE)	0.408	0.031	0.849	-19.592	22.766	-16.113	11.28	-28.20	16.80	19.253	25.573	-17.013	-0.93045	-0.14868	0.25574	-0.21597	25.9	null	null	13113	75
2026-05-27T14:23:04.242	WT901BLE68(F3:F0:16:BF:DC:AE)	0.367	0.097	0.931	-22.949	10.010	17.822	9.72	-26.82	16.80	19.253	25.573	-17.013	-0.93045	-0.14868	0.25574	-0.21597	25.9	null	null	13113	75
2026-05-27T14:23:04.299	WT901BLE68(F3:F0:16:BF:DC:AE)	0.351	0.135	0.818	-8.911	-2.991	37.048	8.61	-26.70	19.09	19.253	25.573	-17.013	-0.93045	-0.14868	0.25574	-0.21597	25.9	null	null	13113	75
2026-05-27T14:23:04.425	WT901BLE68(F3:F0:16:BF:DC:AE)	0.388	0.051	0.719	-25.635	-29.175	73.914	5.67	-28.65	24.26	19.253	25.573	-17.013	-0.93045	-0.14868	0.25574	-0.21597	25.9	null	null	13113	75
2026-05-27T14:23:04.511	WT901BLE68(F3:F0:16:BF:DC:AE)	0.725	0.049	0.716	7.019	-60.364	89.722	0.39	-33.76	33.52	19.253	25.573	-17.013	-0.93045	-0.14868	0.25574	-0.21597	25.9	null	null	13113	75
2026-05-27T14:23:04.634	WT901BLE68(F3:F0:16:BF:DC:AE)	0.836	0.156	0.797	33.997	-33.386	41.687	-1.73	-38.83	41.97	19.253	25.573	-17.013	-0.93045	-0.14868	0.25574	-0.21597	25.9	null	null	13113	75
2026-05-27T14:23:04.726	WT901BLE68(F3:F0:16:BF:DC:AE)	0.744	0.156	0.765	-9.583	3.967	-22.888	-0.18	-40.16	43.02	22.527	18.880	-15.280	-0.93045	-0.14868	0.25574	-0.21597	25.9	null	null	13113	75
2026-05-27T14:23:04.843	WT901BLE68(F3:F0:16:BF:DC:AE)	0.670	0.024	0.846	-34.668	17.090	-39.734	1.13	-39.35	38.74	22.527	18.880	-15.280	-0.93045	-0.14868	0.25574	-0.21597	25.9	null	null	13113	75
2026-05-27T14:23:04.901	WT901BLE68(F3:F0:16:BF:DC:AE)	0.580	0.043	0.891	-0.977	37.537	-42.419	2.77	-36.43	33.96	22.527	18.880	-15.280	-0.90308	-0.11295	0.29712	-0.28860	25.9	null	null	13113	75
2026-05-27T14:23:05.021	WT901BLE68(F3:F0:16:BF:DC:AE)	0.454	0.027	0.877	2.563	34.424	-32.715	5.28	-32.46	29.88	22.527	18.880	-15.280	-0.90308	-0.11295	0.29712	-0.28860	25.9	null	null	13113	75
2026-05-27T14:23:05.111	WT901BLE68(F3:F0:16:BF:DC:AE)	0.402	-0.015	0.884	-3.357	30.884	-22.827	5.98	-29.04	26.98	22.527	18.880	-15.280	-0.90308	-0.11295	0.29712	-0.28860	25.9	null	null	13113	75
2026-05-27T14:23:05.233	WT901BLE68(F3:F0:16:BF:DC:AE)	0.355	0.022	0.906	-0.244	21.179	-11.353	6.57	-26.16	24.98	22.527	18.880	-15.280	-0.90308	-0.11295	0.29712	-0.28860	25.9	null	null	13113	75
2026-05-27T14:23:05.323	WT901BLE68(F3:F0:16:BF:DC:AE)	0.348	0.084	0.852	-0.244	-1.587	6.714	6.55	-24.91	24.27	22.527	18.880	-15.280	-0.90308	-0.11295	0.29712	-0.28860	25.9	null	null	13113	75
2026-05-27T14:23:05.443	WT901BLE68(F3:F0:16:BF:DC:AE)	0.388	-0.056	0.863	2.258	-19.592	38.818	5.14	-26.27	25.94	22.527	18.880	-15.280	-0.90308	-0.11295	0.29712	-0.28860	25.9	null	null	13113	75
2026-05-27T14:23:05.533	WT901BLE68(F3:F0:16:BF:DC:AE)	0.555	0.098	0.853	13.855	-25.574	50.964	3.21	-28.81	30.93	22.527	18.880	-15.280	-0.90308	-0.11295	0.29712	-0.28860	25.9	null	null	13113	75
2026-05-27T14:23:05.620	WT901BLE68(F3:F0:16:BF:DC:AE)	0.643	0.120	0.798	-5.981	-18.005	35.400	1.19	-31.10	35.72	16.393	22.253	-4.800	-0.90308	-0.11295	0.29712	-0.28860	25.9	null	null	13113	75
2026-05-27T14:23:05.714	WT901BLE68(F3:F0:16:BF:DC:AE)	0.619	0.116	0.830	-15.320	3.296	-3.540	-0.24	-31.95	37.51	16.393	22.253	-4.800	-0.90308	-0.11295	0.29712	-0.28860	25.9	null	null	13113	75
2026-05-27T14:23:05.833	WT901BLE68(F3:F0:16:BF:DC:AE)	0.588	0.107	0.830	-6.226	16.724	-27.710	0.12	-31.04	35.58	16.393	22.253	-4.800	-0.90308	-0.11295	0.29712	-0.28860	25.9	null	null	13113	75
2026-05-27T14:23:05.919	WT901BLE68(F3:F0:16:BF:DC:AE)	0.533	0.125	0.883	18.982	31.433	-52.307	3.94	-28.64	30.79	16.393	22.253	-4.800	-0.92154	-0.08353	0.24899	-0.28580	25.9	null	null	13113	75
2026-05-27T14:23:06.043	WT901BLE68(F3:F0:16:BF:DC:AE)	0.420	0.055	0.936	10.193	32.715	-48.279	7.54	-25.30	24.91	16.393	22.253	-4.800	-0.92154	-0.08353	0.24899	-0.28580	25.9	null	null	13113	75
2026-05-27T14:23:06.132	WT901BLE68(F3:F0:16:BF:DC:AE)	0.264	0.031	1.065	11.536	45.166	-28.625	9.29	-21.04	20.81	16.393	22.253	-4.800	-0.92154	-0.08353	0.24899	-0.28580	25.9	null	null	13113	75
2026-05-27T14:23:06.254	WT901BLE68(F3:F0:16:BF:DC:AE)	0.140	0.058	0.988	13.306	56.885	-18.494	10.99	-15.33	18.76	16.393	22.253	-4.800	-0.92154	-0.08353	0.24899	-0.28580	25.9	null	null	13113	75
2026-05-27T14:23:06.312	WT901BLE68(F3:F0:16:BF:DC:AE)	0.066	0.000	0.844	6.836	38.025	4.639	11.44	-10.44	17.63	16.393	22.253	-4.800	-0.92154	-0.08353	0.24899	-0.28580	25.9	null	null	13113	75
2026-05-27T14:23:06.435	WT901BLE68(F3:F0:16:BF:DC:AE)	0.071	0.096	0.743	11.353	6.836	36.560	11.16	-8.60	19.01	16.393	22.253	-4.800	-0.92154	-0.08353	0.24899	-0.28580	25.9	null	null	13113	75
2026-05-27T14:23:06.520	WT901BLE68(F3:F0:16:BF:DC:AE)	0.140	0.250	0.822	-5.554	-29.175	52.246	10.86	-10.72	22.02	-1.000	30.160	7.073	-0.92154	-0.08353	0.24899	-0.28580	25.9	null	null	13113	75
2026-05-27T14:23:06.645	WT901BLE68(F3:F0:16:BF:DC:AE)	0.356	0.261	0.969	-0.916	-40.955	54.321	9.77	-15.36	25.66	-1.000	30.160	7.073	-0.92154	-0.08353	0.24899	-0.28580	25.9	null	null	13113	75
2026-05-27T14:23:06.732	WT901BLE68(F3:F0:16:BF:DC:AE)	0.494	0.295	0.897	2.563	-28.381	34.302	8.74	-19.52	28.99	-1.000	30.160	7.073	-0.95148	-0.11307	0.13635	-0.25146	25.9	null	null	13113	75
2026-05-27T14:23:06.851	WT901BLE68(F3:F0:16:BF:DC:AE)	0.454	0.269	0.918	-6.714	-16.785	-3.296	9.17	-21.95	29.53	-1.000	30.160	7.073	-0.95148	-0.11307	0.13635	-0.25146	25.9	null	null	13113	75
2026-05-27T14:23:06.943	WT901BLE68(F3:F0:16:BF:DC:AE)	0.442	0.307	0.969	12.146	8.484	-29.175	10.07	-22.41	27.49	-1.000	30.160	7.073	-0.95148	-0.11307	0.13635	-0.25146	25.9	null	null	13113	75
2026-05-27T14:23:07.061	WT901BLE68(F3:F0:16:BF:DC:AE)	0.415	0.294	1.088	2.380	26.245	-58.472	12.95	-20.36	23.02	-1.000	30.160	7.073	-0.95148	-0.11307	0.13635	-0.25146	25.9	null	null	13113	75
2026-05-27T14:23:07.121	WT901BLE68(F3:F0:16:BF:DC:AE)	0.258	0.220	0.996	-3.479	38.086	-51.270	14.89	-15.91	17.69	-1.000	30.160	7.073	-0.95148	-0.11307	0.13635	-0.25146	25.9	null	null	13113	75
2026-05-27T14:23:07.242	WT901BLE68(F3:F0:16:BF:DC:AE)	0.096	0.132	0.964	-11.230	21.545	-27.893	14.98	-11.83	13.45	-1.000	30.160	7.073	-0.95148	-0.11307	0.13635	-0.25146	25.9	null	null	13113	75
2026-05-27T14:23:07.334	WT901BLE68(F3:F0:16:BF:DC:AE)	0.043	0.097	1.026	-15.259	2.930	-0.793	13.27	-10.28	11.33	-1.000	30.160	7.073	-0.95148	-0.11307	0.13635	-0.25146	25.9	null	null	13113	75
2026-05-27T14:23:07.451	WT901BLE68(F3:F0:16:BF:DC:AE)	0.008	0.178	0.842	-9.399	-4.456	18.066	12.12	-9.93	11.08	-1.840	29.620	6.260	-0.95148	-0.11307	0.13635	-0.25146	25.9	null	null	13113	75
2026-05-27T14:23:07.541	WT901BLE68(F3:F0:16:BF:DC:AE)	0.234	0.095	0.819	-23.132	-44.678	44.312	9.81	-12.41	12.48	-1.840	29.620	6.260	-0.95148	-0.11307	0.13635	-0.25146	25.9	null	null	13113	75
2026-05-27T14:23:07.661	WT901BLE68(F3:F0:16:BF:DC:AE)	0.449	0.096	0.921	-17.395	-49.072	50.476	6.52	-17.57	15.91	-1.840	29.620	6.260	-0.97922	-0.08276	0.12671	-0.13467	25.9	null	null	13113	75
2026-05-27T14:23:07.722	WT901BLE68(F3:F0:16:BF:DC:AE)	0.559	0.142	0.916	6.653	-34.729	45.166	4.44	-22.68	20.71	-1.840	29.620	6.260	-0.97922	-0.08276	0.12671	-0.13467	25.9	null	null	13113	75
2026-05-27T14:23:07.842	WT901BLE68(F3:F0:16:BF:DC:AE)	0.454	0.125	0.843	6.348	-15.747	22.522	4.24	-25.39	24.34	-1.840	29.620	6.260	-0.97922	-0.08276	0.12671	-0.13467	25.9	null	null	13113	75
2026-05-27T14:23:07.931	WT901BLE68(F3:F0:16:BF:DC:AE)	0.498	0.168	0.831	22.034	4.700	5.066	4.93	-26.48	26.80	-1.840	29.620	6.260	-0.97922	-0.08276	0.12671	-0.13467	25.9	null	null	13113	75
2026-05-27T14:23:08.053	WT901BLE68(F3:F0:16:BF:DC:AE)	0.473	0.228	0.915	15.137	22.583	-22.888	7.39	-25.17	26.78	-1.840	29.620	6.260	-0.97922	-0.08276	0.12671	-0.13467	25.9	null	null	13113	75
2026-05-27T14:23:08.141	WT901BLE68(F3:F0:16:BF:DC:AE)	0.399	0.164	0.927	9.033	29.724	-30.945	9.63	-22.42	24.47	-1.840	29.620	6.260	-0.97922	-0.08276	0.12671	-0.13467	25.9	null	null	13113	75
2026-05-27T14:23:08.262	WT901BLE68(F3:F0:16:BF:DC:AE)	0.310	0.195	0.994	8.362	36.804	-32.227	11.98	-18.78	21.75	-1.840	29.620	6.260	-0.97922	-0.08276	0.12671	-0.13467	25.9	null	null	13113	75
2026-05-27T14:23:08.352	WT901BLE68(F3:F0:16:BF:DC:AE)	0.214	0.167	1.046	2.197	39.368	-25.696	13.29	-14.47	19.05	7.267	24.980	4.600	-0.97922	-0.08276	0.12671	-0.13467	25.9	null	null	13113	75
2026-05-27T14:23:08.471	WT901BLE68(F3:F0:16:BF:DC:AE)	0.092	0.210	1.052	1.953	35.400	-17.578	13.83	-10.32	17.03	7.267	24.980	4.600	-0.97922	-0.08276	0.12671	-0.13467	25.9	null	null	13113	75
2026-05-27T14:23:08.562	WT901BLE68(F3:F0:16:BF:DC:AE)	-0.032	0.244	0.976	6.104	21.118	-7.813	14.25	-7.16	15.41	7.267	24.980	4.600	-0.97916	-0.12936	0.05371	-0.14667	25.9	null	null	13113	75
2026-05-27T14:23:08.648	WT901BLE68(F3:F0:16:BF:DC:AE)	-0.015	0.226	0.820	-10.742	-3.113	4.272	13.90	-6.01	14.23	7.267	24.980	4.600	-0.97916	-0.12936	0.05371	-0.14667	25.9	null	null	13113	75
2026-05-27T14:23:08.742	WT901BLE68(F3:F0:16:BF:DC:AE)	0.119	0.117	0.807	-13.733	-37.170	34.058	12.57	-7.74	14.59	7.267	24.980	4.600	-0.97916	-0.12936	0.05371	-0.14667	25.9	null	null	13113	75
2026-05-27T14:23:08.862	WT901BLE68(F3:F0:16:BF:DC:AE)	0.403	0.192	0.973	-16.968	-46.082	40.039	10.74	-12.88	16.83	7.267	24.980	4.600	-0.97916	-0.12936	0.05371	-0.14667	25.9	null	null	13113	75
2026-05-27T14:23:08.953	WT901BLE68(F3:F0:16:BF:DC:AE)	0.403	0.255	1.063	-12.512	-13.489	15.869	8.79	-16.59	18.67	7.267	24.980	4.600	-0.97916	-0.12936	0.05371	-0.14667	25.9	null	null	13113	75
2026-05-27T14:23:09.071	WT901BLE68(F3:F0:16:BF:DC:AE)	0.416	0.284	1.053	1.587	17.395	-10.193	7.97	-17.16	18.75	7.267	24.980	4.600	-0.97916	-0.12936	0.05371	-0.14667	25.9	null	null	13113	75
2026-05-27T14:23:09.132	WT901BLE68(F3:F0:16:BF:DC:AE)	0.293	0.234	0.929	3.357	43.152	-32.959	8.82	-13.62	16.48	7.267	24.980	4.600	-0.97916	-0.12936	0.05371	-0.14667	25.9	null	null	13113	75
2026-05-27T14:23:09.251	WT901BLE68(F3:F0:16:BF:DC:AE)	0.186	0.138	0.962	10.986	40.833	-39.734	10.40	-9.19	12.52	7.267	24.980	4.600	-0.97916	-0.12936	0.05371	-0.14667	25.9	null	null	13113	75
2026-05-27T14:23:09.342	WT901BLE68(F3:F0:16:BF:DC:AE)	0.027	0.100	0.979	7.629	33.691	-27.893	11.96	-5.13	8.67	0.760	22.813	12.540	-0.97916	-0.12936	0.05371	-0.14667	25.9	null	null	13113	75
2026-05-27T14:23:09.459	WT901BLE68(F3:F0:16:BF:DC:AE)	-0.079	0.183	1.034	0.854	23.865	-14.160	12.41	-1.97	6.12	0.760	22.813	12.540	-0.99158	-0.10864	0.02267	-0.06583	25.9	null	null	13113	75
2026-05-27T14:23:09.551	WT901BLE68(F3:F0:16:BF:DC:AE)	-0.152	0.158	0.904	-0.671	5.981	-3.906	11.96	-0.06	4.20	0.760	22.813	12.540	-0.99158	-0.10864	0.02267	-0.06583	25.9	null	null	13113	75
2026-05-27T14:23:09.672	WT901BLE68(F3:F0:16:BF:DC:AE)	-0.197	0.146	0.864	4.761	-12.268	8.484	11.86	0.04	3.38	0.760	22.813	12.540	-0.99158	-0.10864	0.02267	-0.06583	25.9	null	null	13113	75
2026-05-27T14:23:09.761	WT901BLE68(F3:F0:16:BF:DC:AE)	-0.032	0.146	0.854	-19.104	-34.485	29.358	10.87	-2.36	3.83	0.760	22.813	12.540	-0.99158	-0.10864	0.02267	-0.06583	25.9	null	null	13113	75
2026-05-27T14:23:09.883	WT901BLE68(F3:F0:16:BF:DC:AE)	0.194	0.302	0.708	-4.517	-54.565	53.101	10.53	-7.14	6.40	0.760	22.813	12.540	-0.99158	-0.10864	0.02267	-0.06583	25.9	null	null	13113	75
2026-05-27T14:23:09.943	WT901BLE68(F3:F0:16:BF:DC:AE)	0.376	0.307	0.797	6.531	-60.059	62.073	12.80	-13.72	10.30	0.760	22.813	12.540	-0.99158	-0.10864	0.02267	-0.06583	25.9	null	null	13113	75
2026-05-27T14:23:10.060	WT901BLE68(F3:F0:16:BF:DC:AE)	0.523	0.238	0.725	138.489	-70.618	59.082	20.21	-22.09	13.85	0.760	22.813	12.540	-0.99158	-0.10864	0.02267	-0.06583	25.9	null	null	13113	75
2026-05-27T14:23:10.151	WT901BLE68(F3:F0:16:BF:DC:AE)	0.673	0.707	0.713	64.209	-44.556	49.438	33.18	-30.04	17.82	16.833	22.747	-8.813	-0.99158	-0.10864	0.02267	-0.06583	25.9	null	null	13113	75
2026-05-27T14:23:10.271	WT901BLE68(F3:F0:16:BF:DC:AE)	0.665	0.583	0.795	34.790	-14.465	-3.845	37.74	-33.51	18.48	16.833	22.747	-8.813	-0.99158	-0.10864	0.02267	-0.06583	25.9	null	null	13113	75
2026-05-27T14:23:10.363	WT901BLE68(F3:F0:16:BF:DC:AE)	0.581	0.590	0.836	-46.875	8.789	-23.865	39.11	-32.51	18.07	16.833	22.747	-8.813	-0.87363	-0.36734	0.21146	-0.23874	25.9	null	null	13113	75
2026-05-27T14:23:10.482	WT901BLE68(F3:F0:16:BF:DC:AE)	0.484	0.481	0.962	-150.635	50.842	-41.931	30.75	-27.52	17.90	16.833	22.747	-8.813	-0.87363	-0.36734	0.21146	-0.23874	25.9	null	null	13113	75
2026-05-27T14:23:10.569	WT901BLE68(F3:F0:16:BF:DC:AE)	0.337	0.320	0.970	-123.596	85.571	-42.114	19.84	-18.87	17.64	16.833	22.747	-8.813	-0.87363	-0.36734	0.21146	-0.23874	25.9	null	null	13113	75
2026-05-27T14:23:10.665	WT901BLE68(F3:F0:16:BF:DC:AE)	0.197	0.197	0.870	-60.852	74.341	-31.250	12.65	-10.28	16.28	16.833	22.747	-8.813	-0.87363	-0.36734	0.21146	-0.23874	25.9	null	null	13113	75
2026-05-27T14:23:10.751	WT901BLE68(F3:F0:16:BF:DC:AE)	0.010	0.076	0.825	-21.484	42.542	-19.775	9.17	-4.51	13.78	16.833	22.747	-8.813	-0.87363	-0.36734	0.21146	-0.23874	25.9	null	null	13113	75
2026-05-27T14:23:10.873	WT901BLE68(F3:F0:16:BF:DC:AE)	-0.065	0.057	0.867	-17.761	16.418	3.357	7.37	-1.82	12.07	16.833	22.747	-8.813	-0.87363	-0.36734	0.21146	-0.23874	25.9	null	null	13113	75
2026-05-27T14:23:10.962	WT901BLE68(F3:F0:16:BF:DC:AE)	0.024	0.087	0.943	-5.066	1.709	14.648	5.98	-1.15	11.71	16.833	22.747	-8.813	-0.87363	-0.36734	0.21146	-0.23874	25.9	null	null	13113	75
2026-05-27T14:23:11.084	WT901BLE68(F3:F0:16:BF:DC:AE)	0.115	0.103	0.930	-4.700	-6.592	12.695	5.24	-1.68	11.49	-2.713	14.733	20.027	-0.87363	-0.36734	0.21146	-0.23874	25.9	null	null	13113	75
2026-05-27T14:23:11.140	WT901BLE68(F3:F0:16:BF:DC:AE)	0.220	0.263	1.040	9.094	8.118	-10.986	5.65	-2.06	9.83	-2.713	14.733	20.027	-0.87363	-0.36734	0.21146	-0.23874	25.9	null	null	13113	75
2026-05-27T14:23:11.292	WT901BLE68(F3:F0:16:BF:DC:AE)	0.110	0.304	1.069	40.100	61.890	-45.532	9.05	1.82	4.82	-2.713	14.733	20.027	-0.87363	-0.36734	0.21146	-0.23874	25.9	null	null	13113	75
2026-05-27T14:23:11.349	WT901BLE68(F3:F0:16:BF:DC:AE)	-0.259	-0.003	0.951	20.447	55.420	-34.363	11.16	8.14	-0.75	-2.713	14.733	20.027	-0.99445	-0.09134	-0.05093	-0.00516	25.9	null	null	13113	75
2026-05-27T14:23:11.474	WT901BLE68(F3:F0:16:BF:DC:AE)	-0.404	0.038	0.879	4.272	27.527	-10.071	11.54	12.26	-3.57	-2.713	14.733	20.027	-0.99445	-0.09134	-0.05093	-0.00516	25.9	null	null	13113	75
2026-05-27T14:23:11.561	WT901BLE68(F3:F0:16:BF:DC:AE)	-0.384	0.064	0.815	-4.028	6.042	-1.892	10.68	14.07	-5.23	-2.713	14.733	20.027	-0.99445	-0.09134	-0.05093	-0.00516	25.9	null	null	13113	75
2026-05-27T14:23:11.683	WT901BLE68(F3:F0:16:BF:DC:AE)	-0.354	0.123	0.853	0.977	-18.188	21.484	10.46	13.61	-5.04	-2.713	14.733	20.027	-0.99445	-0.09134	-0.05093	-0.00516	25.9	null	null	13113	75
2026-05-27T14:23:11.772	WT901BLE68(F3:F0:16:BF:DC:AE)	-0.260	0.178	0.875	-0.366	-43.213	27.954	11.10	10.36	-3.88	-2.713	14.733	20.027	-0.99445	-0.09134	-0.05093	-0.00516	25.9	null	null	13113	75
2026-05-27T14:23:11.891	WT901BLE68(F3:F0:16:BF:DC:AE)	-0.038	0.229	0.842	2.747	-60.303	36.133	11.35	4.79	-2.24	-2.713	14.733	20.027	-0.99445	-0.09134	-0.05093	-0.00516	25.9	null	null	13113	75
2026-05-27T14:23:11.949	WT901BLE68(F3:F0:16:BF:DC:AE)	0.089	0.208	0.957	6.226	-49.927	29.175	11.20	-0.88	-1.04	-5.893	19.720	17.127	-0.99445	-0.09134	-0.05093	-0.00516	25.9	null	null	13113	75
2026-05-27T14:23:12.075	WT901BLE68(F3:F0:16:BF:DC:AE)	0.208	0.302	0.948	11.597	-41.992	22.095	12.10	-5.66	0.18	-5.893	19.720	17.127	-0.99445	-0.09134	-0.05093	-0.00516	25.9	null	null	13113	75
2026-05-27T14:23:12.160	WT901BLE68(F3:F0:16:BF:DC:AE)	0.298	0.356	0.977	10.620	-23.926	-1.282	13.17	-9.22	0.27	-5.893	19.720	17.127	-0.99121	-0.11047	0.07117	-0.01181	25.9	null	null	13113	75
2026-05-27T14:23:12.282	WT901BLE68(F3:F0:16:BF:DC:AE)	0.250	0.316	1.002	19.470	-2.808	-11.108	15.22	-10.37	-0.63	-5.893	19.720	17.127	-0.99121	-0.11047	0.07117	-0.01181	25.9	null	null	13113	75
2026-05-27T14:23:12.372	WT901BLE68(F3:F0:16:BF:DC:AE)	0.169	0.279	1.033	12.634	2.991	-13.916	17.07	-10.05	-1.56	-5.893	19.720	17.127	-0.99121	-0.11047	0.07117	-0.01181	25.9	null	null	13113	75
2026-05-27T14:23:12.491	WT901BLE68(F3:F0:16:BF:DC:AE)	0.069	0.254	0.932	5.249	-1.465	-15.198	18.63	-9.44	-2.27	-5.893	19.720	17.127	-0.99121	-0.11047	0.07117	-0.01181	25.9	null	null	13113	75
2026-05-27T14:23:12.583	WT901BLE68(F3:F0:16:BF:DC:AE)	0.039	0.220	0.914	-0.427	-12.329	0.549	19.02	-9.64	-3.00	-5.893	19.720	17.127	-0.99121	-0.11047	0.07117	-0.01181	25.9	null	null	13113	75
2026-05-27T14:23:12.730	WT901BLE68(F3:F0:16:BF:DC:AE)	0.128	0.270	0.942	0.183	-20.142	16.602	18.48	-11.17	-1.92	-5.893	19.720	17.127	-0.99121	-0.11047	0.07117	-0.01181	25.9	null	null	13113	75
2026-05-27T14:23:12.764	WT901BLE68(F3:F0:16:BF:DC:AE)	0.130	0.238	0.921	11.963	-19.592	15.808	18.25	-13.06	-0.34	-5.893	19.720	17.127	-0.99121	-0.11047	0.07117	-0.01181	25.9	null	null	13113	75
2026-05-27T14:23:12.882	WT901BLE68(F3:F0:16:BF:DC:AE)	0.214	0.263	0.901	5.127	-36.499	17.822	18.23	-15.72	1.42	7.073	22.587	2.740	-0.99121	-0.11047	0.07117	-0.01181	25.9	null	null	13113	75
2026-05-27T14:23:12.970	WT901BLE68(F3:F0:16:BF:DC:AE)	0.390	0.237	0.805	-10.864	-63.232	30.762	17.48	-20.76	3.40	7.073	22.587	2.740	-0.99121	-0.11047	0.07117	-0.01181	25.9	null	null	13113	75
2026-05-27T14:23:13.090	WT901BLE68(F3:F0:16:BF:DC:AE)	0.647	0.273	0.803	-18.799	-75.989	30.151	16.27	-28.17	6.16	7.073	22.587	2.740	-0.95938	-0.15115	0.22354	-0.08173	25.9	null	null	13113	75
2026-05-27T14:23:13.181	WT901BLE68(F3:F0:16:BF:DC:AE)	0.772	0.284	0.828	-4.578	-44.067	8.301	15.31	-34.97	8.51	7.073	22.587	2.740	-0.95938	-0.15115	0.22354	-0.08173	25.9	null	null	13113	75
2026-05-27T14:23:13.305	WT901BLE68(F3:F0:16:BF:DC:AE)	0.685	0.300	0.840	-0.610	-8.667	-22.095	16.58	-37.24	9.00	7.073	22.587	2.740	-0.95938	-0.15115	0.22354	-0.08173	25.9	null	null	13113	75
2026-05-27T14:23:13.361	WT901BLE68(F3:F0:16:BF:DC:AE)	0.582	0.345	0.861	-5.310	10.376	-34.058	18.49	-36.41	7.86	7.073	22.587	2.740	-0.95938	-0.15115	0.22354	-0.08173	25.9	null	null	13113	75
2026-05-27T14:23:13.482	WT901BLE68(F3:F0:16:BF:DC:AE)	0.552	0.314	0.821	4.028	20.752	-33.813	20.05	-33.79	6.18	7.073	22.587	2.740	-0.95938	-0.15115	0.22354	-0.08173	25.9	null	null	13113	75
2026-05-27T14:23:13.575	WT901BLE68(F3:F0:16:BF:DC:AE)	0.509	0.332	0.787	-1.709	22.888	-34.241	21.85	-30.57	4.80	7.073	22.587	2.740	-0.95938	-0.15115	0.22354	-0.08173	25.9	null	null	13113	75
2026-05-27T14:23:13.691	WT901BLE68(F3:F0:16:BF:DC:AE)	0.486	0.371	0.794	-4.883	18.372	-28.015	22.83	-27.53	3.41	7.073	22.587	2.740	-0.95938	-0.15115	0.22354	-0.08173	25.9	null	null	13113	75
2026-05-27T14:23:13.781	WT901BLE68(F3:F0:16:BF:DC:AE)	0.412	0.351	0.710	0.549	14.343	-19.897	23.44	-25.10	2.40	11.253	28.647	-10.440	-0.95938	-0.15115	0.22354	-0.08173	25.9	null	null	13113	75
2026-05-27T14:23:13.901	WT901BLE68(F3:F0:16:BF:DC:AE)	0.365	0.318	0.708	-6.897	-2.869	-3.601	23.71	-24.18	1.86	11.253	28.647	-10.440	-0.95938	-0.15115	0.22354	-0.08173	25.9	null	null	13113	75
2026-05-27T14:23:13.960	WT901BLE68(F3:F0:16:BF:DC:AE)	0.402	0.289	0.735	-21.790	-18.677	14.954	21.91	-25.37	2.31	11.253	28.647	-10.440	-0.95670	-0.19815	0.20483	-0.05829	25.9	null	null	13113	75
2026-05-27T14:23:14.113	WT901BLE68(F3:F0:16:BF:DC:AE)	0.476	0.295	0.724	-2.930	-33.142	32.654	20.12	-28.63	4.39	11.253	28.647	-10.440	-0.95670	-0.19815	0.20483	-0.05829	25.9	null	null	13113	75
2026-05-27T14:23:14.171	WT901BLE68(F3:F0:16:BF:DC:AE)	0.612	0.302	0.621	-13.550	-59.021	43.213	18.19	-34.20	7.75	11.253	28.647	-10.440	-0.95670	-0.19815	0.20483	-0.05829	25.9	null	null	13113	75
2026-05-27T14:23:14.292	WT901BLE68(F3:F0:16:BF:DC:AE)	0.782	0.303	0.674	-14.343	-59.326	34.485	15.77	-41.15	11.38	11.253	28.647	-10.440	-0.95670	-0.19815	0.20483	-0.05829	25.9	null	null	13113	75
2026-05-27T14:23:14.382	WT901BLE68(F3:F0:16:BF:DC:AE)	0.821	0.268	0.643	5.188	-41.199	16.174	15.39	-46.53	14.21	11.253	28.647	-10.440	-0.95670	-0.19815	0.20483	-0.05829	25.9	null	null	13113	75
2026-05-27T14:23:14.503	WT901BLE68(F3:F0:16:BF:DC:AE)	0.795	0.251	0.623	10.864	-25.635	-1.709	17.07	-49.74	15.24	11.253	28.647	-10.440	-0.95670	-0.19815	0.20483	-0.05829	25.9	null	null	13113	75
2026-05-27T14:23:14.592	WT901BLE68(F3:F0:16:BF:DC:AE)	0.826	0.296	0.738	10.498	-4.639	-14.771	19.70	-51.03	15.04	11.253	28.647	-10.440	-0.95670	-0.19815	0.20483	-0.05829	25.9	null	null	13113	75
2026-05-27T14:23:14.709	WT901BLE68(F3:F0:16:BF:DC:AE)	0.780	0.319	0.756	8.179	24.048	-27.588	22.47	-49.16	14.18	21.567	22.527	-26.860	-0.95670	-0.19815	0.20483	-0.05829	25.9	null	null	13113	75
2026-05-27T14:23:14.773	WT901BLE68(F3:F0:16:BF:DC:AE)	0.722	0.327	0.759	4.944	48.035	-37.170	24.61	-44.32	13.29	21.567	22.527	-26.860	-0.95670	-0.19815	0.20483	-0.05829	25.9	null	null	13113	75
2026-05-27T14:23:14.893	WT901BLE68(F3:F0:16:BF:DC:AE)	0.646	0.313	0.728	-5.859	54.504	-38.086	25.54	-38.05	12.62	21.567	22.527	-26.860	-0.89783	-0.24176	0.32083	-0.18008	25.9	null	null	13113	75
2026-05-27T14:23:14.979	WT901BLE68(F3:F0:16:BF:DC:AE)	0.505	0.288	0.695	0.977	52.673	-22.095	25.60	-32.01	12.89	21.567	22.527	-26.860	-0.89783	-0.24176	0.32083	-0.18008	25.9	null	null	13113	75
2026-05-27T14:23:15.102	WT901BLE68(F3:F0:16:BF:DC:AE)	0.423	0.271	0.659	2.136	26.917	0.061	25.22	-28.17	13.79	21.567	22.527	-26.860	-0.89783	-0.24176	0.32083	-0.18008	25.9	null	null	13113	75
2026-05-27T14:23:15.193	WT901BLE68(F3:F0:16:BF:DC:AE)	0.443	0.277	0.631	-0.305	-14.221	25.146	23.88	-28.36	15.50	21.567	22.527	-26.860	-0.89783	-0.24176	0.32083	-0.18008	25.9	null	null	13113	75
