time	DeviceName	AccX(g)	AccY(g)	AccZ(g)	AsX(°/s)	AsY(°/s)	AsZ(°/s)	AngleX(°)	AngleY(°)	AngleZ(°)	HX(uT)	HY(uT)	HZ(uT)	Q0()	Q1()	Q2()	Q3()	Temperature(°C)	Height(m)	Pressure(kPa)	Version()	Battery level(%)
2026-05-27T14:30:47.265	WT901BLE68(F3:F0:16:BF:DC:AE)	0.960	-0.039	-0.269	-0.671	0.000	0.122	-172.82	-74.55	-115.24	0.320	17.127	-55.193	-0.48535	-0.45511	0.64871	-0.36926	25.7	null	null	13113	60
2026-05-27T14:30:47.320	WT901BLE68(F3:F0:16:BF:DC:AE)	0.965	-0.036	-0.261	-0.244	0.000	0.000	-172.72	-74.57	-115.30	0.320	17.127	-55.193	-0.48535	-0.45511	0.64871	-0.36926	25.7	null	null	13113	60
2026-05-27T14:30:47.443	WT901BLE68(F3:F0:16:BF:DC:AE)	0.970	-0.047	-0.252	0.244	1.343	0.488	-172.63	-74.61	-115.46	0.320	17.127	-55.193	-0.48535	-0.45511	0.64871	-0.36926	25.7	null	null	13113	60
2026-05-27T14:30:47.532	WT901BLE68(F3:F0:16:BF:DC:AE)	0.970	-0.064	-0.238	-0.183	4.211	2.014	-171.95	-74.89	-116.13	0.147	16.967	-55.113	-0.48535	-0.45511	0.64871	-0.36926	25.7	null	null	13113	60
2026-05-27T14:30:47.650	WT901BLE68(F3:F0:16:BF:DC:AE)	0.968	-0.049	-0.235	2.991	7.507	3.235	-169.78	-75.61	-117.98	0.147	16.967	-55.113	-0.48535	-0.45511	0.64871	-0.36926	25.7	null	null	13113	60
2026-05-27T14:30:47.741	WT901BLE68(F3:F0:16:BF:DC:AE)	0.965	-0.053	-0.234	1.282	6.958	2.197	-167.92	-76.26	-119.77	0.147	16.967	-55.113	-0.48898	-0.44943	0.64459	-0.37851	25.7	null	null	13113	60
2026-05-27T14:30:47.861	WT901BLE68(F3:F0:16:BF:DC:AE)	1.001	-0.085	-0.161	10.010	13.184	2.136	-165.85	-77.07	-121.27	0.147	16.967	-55.113	-0.48898	-0.44943	0.64459	-0.37851	25.7	null	null	13113	60
2026-05-27T14:30:47.922	WT901BLE68(F3:F0:16:BF:DC:AE)	0.991	-0.049	-0.164	3.174	21.851	5.310	-161.86	-78.56	-124.71	0.147	16.967	-55.113	-0.48898	-0.44943	0.64459	-0.37851	25.7	null	null	13113	60
2026-05-27T14:30:48.041	WT901BLE68(F3:F0:16:BF:DC:AE)	0.990	-0.011	-0.181	-11.353	24.719	11.475	-152.86	-80.49	-134.38	0.147	16.967	-55.113	-0.48898	-0.44943	0.64459	-0.37851	25.7	null	null	13113	60
2026-05-27T14:30:48.133	WT901BLE68(F3:F0:16:BF:DC:AE)	0.977	-0.087	-0.203	-16.296	14.099	13.184	-141.37	-81.46	-147.67	0.147	16.967	-55.113	-0.48898	-0.44943	0.64459	-0.37851	25.7	null	null	13113	60
2026-05-27T14:30:48.253	WT901BLE68(F3:F0:16:BF:DC:AE)	0.996	-0.048	-0.120	-3.967	4.456	8.179	-134.14	-81.31	-155.42	0.147	16.967	-55.113	-0.48898	-0.44943	0.64459	-0.37851	25.7	null	null	13113	60
2026-05-27T14:30:48.340	WT901BLE68(F3:F0:16:BF:DC:AE)	0.966	-0.176	-0.061	-26.123	2.441	15.259	-129.09	-80.60	-161.65	0.147	16.967	-55.113	-0.48898	-0.44943	0.64459	-0.37851	25.7	null	null	13113	60
2026-05-27T14:30:48.460	WT901BLE68(F3:F0:16:BF:DC:AE)	0.949	-0.250	-0.056	-1.892	0.244	7.446	-126.08	-79.69	-165.96	8.220	13.920	-48.540	-0.48898	-0.44943	0.64459	-0.37851	25.7	null	null	13113	60
2026-05-27T14:30:48.552	WT901BLE68(F3:F0:16:BF:DC:AE)	0.993	-0.169	-0.092	21.545	1.587	1.526	-122.74	-79.36	-167.69	8.220	13.920	-48.540	-0.48898	-0.44943	0.64459	-0.37851	25.7	null	null	13113	60
2026-05-27T14:30:48.670	WT901BLE68(F3:F0:16:BF:DC:AE)	1.014	-0.123	-0.138	-11.414	-4.578	4.150	-122.77	-79.04	-167.18	8.220	13.920	-48.540	-0.51431	-0.37939	0.63696	-0.43094	25.7	null	null	13113	60
2026-05-27T14:30:48.730	WT901BLE68(F3:F0:16:BF:DC:AE)	0.979	-0.225	-0.130	-3.052	-1.343	1.648	-124.83	-78.62	-165.93	8.220	13.920	-48.540	-0.51431	-0.37939	0.63696	-0.43094	25.7	null	null	13113	60
2026-05-27T14:30:48.850	WT901BLE68(F3:F0:16:BF:DC:AE)	0.972	-0.210	-0.079	-5.981	3.906	7.385	-122.96	-78.21	-167.97	8.220	13.920	-48.540	-0.51431	-0.37939	0.63696	-0.43094	25.7	null	null	13113	60
2026-05-27T14:30:48.941	WT901BLE68(F3:F0:16:BF:DC:AE)	0.962	-0.233	-0.089	11.414	3.052	2.563	-119.90	-77.94	-170.63	8.220	13.920	-48.540	-0.51431	-0.37939	0.63696	-0.43094	25.7	null	null	13113	60
2026-05-27T14:30:49.066	WT901BLE68(F3:F0:16:BF:DC:AE)	0.996	-0.163	-0.009	13.733	17.151	5.432	-113.04	-77.96	-175.76	8.220	13.920	-48.540	-0.51431	-0.37939	0.63696	-0.43094	25.7	null	null	13113	60
2026-05-27T14:30:49.153	WT901BLE68(F3:F0:16:BF:DC:AE)	0.992	-0.300	-0.027	3.784	27.100	9.216	-99.71	-77.78	171.75	8.220	13.920	-48.540	-0.51431	-0.37939	0.63696	-0.43094	25.7	null	null	13113	60
2026-05-27T14:30:49.274	WT901BLE68(F3:F0:16:BF:DC:AE)	0.978	-0.293	0.009	6.470	30.518	7.935	-85.44	-76.96	158.33	8.220	13.920	-48.540	-0.51431	-0.37939	0.63696	-0.43094	25.7	null	null	13113	60
2026-05-27T14:30:49.329	WT901BLE68(F3:F0:16:BF:DC:AE)	0.981	-0.260	0.035	10.803	16.418	-2.441	-75.11	-76.36	149.21	13.687	8.387	-45.147	-0.51431	-0.37939	0.63696	-0.43094	25.7	null	null	13113	60
2026-05-27T14:30:49.454	WT901BLE68(F3:F0:16:BF:DC:AE)	0.992	-0.181	0.054	3.967	0.488	-7.874	-73.02	-76.72	147.60	13.687	8.387	-45.147	-0.51431	-0.37939	0.63696	-0.43094	25.7	null	null	13113	60
2026-05-27T14:30:49.543	WT901BLE68(F3:F0:16:BF:DC:AE)	0.982	-0.192	0.061	-2.014	-0.671	-7.263	-72.63	-77.52	147.29	13.687	8.387	-45.147	-0.53156	-0.35245	0.58563	-0.50012	25.7	null	null	13113	60
2026-05-27T14:30:49.661	WT901BLE68(F3:F0:16:BF:DC:AE)	0.962	-0.192	0.093	-0.427	2.747	-5.859	-71.76	-78.10	146.12	13.687	8.387	-45.147	-0.53156	-0.35245	0.58563	-0.50012	25.7	null	null	13113	60
2026-05-27T14:30:49.755	WT901BLE68(F3:F0:16:BF:DC:AE)	0.961	-0.184	0.112	-0.366	2.563	-4.089	-69.54	-78.42	143.87	13.687	8.387	-45.147	-0.53156	-0.35245	0.58563	-0.50012	25.7	null	null	13113	60
2026-05-27T14:30:49.872	WT901BLE68(F3:F0:16:BF:DC:AE)	0.971	-0.177	0.120	-0.488	5.859	-2.380	-66.82	-78.48	140.92	13.687	8.387	-45.147	-0.53156	-0.35245	0.58563	-0.50012	25.7	null	null	13113	60
2026-05-27T14:30:49.960	WT901BLE68(F3:F0:16:BF:DC:AE)	0.980	-0.153	0.114	1.526	12.390	0.793	-61.64	-78.09	135.76	13.687	8.387	-45.147	-0.53156	-0.35245	0.58563	-0.50012	25.7	null	null	13113	60
2026-05-27T14:30:50.082	WT901BLE68(F3:F0:16:BF:DC:AE)	0.977	-0.172	0.115	0.061	13.733	1.831	-56.46	-77.22	130.48	13.687	8.387	-45.147	-0.53156	-0.35245	0.58563	-0.50012	25.7	null	null	13113	60
2026-05-27T14:30:50.139	WT901BLE68(F3:F0:16:BF:DC:AE)	0.976	-0.194	0.132	-1.770	1.526	0.000	-53.77	-76.66	127.56	13.687	8.387	-45.147	-0.53156	-0.35245	0.58563	-0.50012	25.7	null	null	13113	60
2026-05-27T14:30:50.261	WT901BLE68(F3:F0:16:BF:DC:AE)	0.969	-0.168	0.137	0.854	-4.578	-2.319	-54.42	-76.93	128.07	15.300	10.920	-40.187	-0.53156	-0.35245	0.58563	-0.50012	25.7	null	null	13113	60
2026-05-27T14:30:50.352	WT901BLE68(F3:F0:16:BF:DC:AE)	0.977	-0.147	0.146	-3.662	-1.465	-0.305	-55.40	-77.23	128.91	15.300	10.920	-40.187	-0.53156	-0.35245	0.58563	-0.50012	25.7	null	null	13113	60
2026-05-27T14:30:50.472	WT901BLE68(F3:F0:16:BF:DC:AE)	0.984	-0.195	0.125	-1.282	-0.122	-0.366	-55.50	-77.28	128.64	15.300	10.920	-40.187	-0.56082	-0.34109	0.56686	-0.49768	25.7	null	null	13113	60
2026-05-27T14:30:50.563	WT901BLE68(F3:F0:16:BF:DC:AE)	0.967	-0.200	0.143	-4.395	2.258	1.282	-55.42	-77.23	128.33	15.300	10.920	-40.187	-0.56082	-0.34109	0.56686	-0.49768	25.7	null	null	13113	60
2026-05-27T14:30:50.683	WT901BLE68(F3:F0:16:BF:DC:AE)	0.966	-0.190	0.161	0.732	8.362	4.761	-54.37	-76.68	127.13	15.300	10.920	-40.187	-0.56082	-0.34109	0.56686	-0.49768	25.7	null	null	13113	60
2026-05-27T14:30:50.741	WT901BLE68(F3:F0:16:BF:DC:AE)	0.967	-0.185	0.205	3.052	21.423	10.010	-51.58	-75.31	124.45	15.300	10.920	-40.187	-0.56082	-0.34109	0.56686	-0.49768	25.7	null	null	13113	60
2026-05-27T14:30:50.865	WT901BLE68(F3:F0:16:BF:DC:AE)	0.939	-0.214	0.213	-6.775	36.804	19.409	-46.41	-72.33	119.13	15.300	10.920	-40.187	-0.56082	-0.34109	0.56686	-0.49768	25.7	null	null	13113	60
2026-05-27T14:30:50.954	WT901BLE68(F3:F0:16:BF:DC:AE)	0.892	-0.322	0.258	1.343	25.391	12.512	-43.27	-68.75	115.52	15.300	10.920	-40.187	-0.56082	-0.34109	0.56686	-0.49768	25.7	null	null	13113	60
2026-05-27T14:30:51.074	WT901BLE68(F3:F0:16:BF:DC:AE)	0.908	-0.298	0.306	9.155	1.160	7.141	-42.81	-67.06	115.42	15.300	10.920	-40.187	-0.56082	-0.34109	0.56686	-0.49768	25.7	null	null	13113	60
2026-05-27T14:30:51.160	WT901BLE68(F3:F0:16:BF:DC:AE)	0.958	-0.229	0.281	-3.113	-10.620	-3.174	-43.62	-67.26	116.92	19.327	5.887	-32.707	-0.56082	-0.34109	0.56686	-0.49768	25.7	null	null	13113	60
2026-05-27T14:30:51.282	WT901BLE68(F3:F0:16:BF:DC:AE)	0.920	-0.261	0.265	-5.310	-7.507	-3.174	-45.01	-68.29	118.04	19.327	5.887	-32.707	-0.56082	-0.34109	0.56686	-0.49768	25.7	null	null	13113	60
2026-05-27T14:30:51.372	WT901BLE68(F3:F0:16:BF:DC:AE)	0.928	-0.259	0.261	-2.747	2.930	2.747	-45.62	-68.39	118.48	19.327	5.887	-32.707	-0.57724	-0.28232	0.54010	-0.54337	25.7	null	null	13113	60
2026-05-27T14:30:51.491	WT901BLE68(F3:F0:16:BF:DC:AE)	0.906	-0.292	0.279	2.563	8.972	5.737	-45.32	-67.61	118.22	19.327	5.887	-32.707	-0.57724	-0.28232	0.54010	-0.54337	25.7	null	null	13113	60
2026-05-27T14:30:51.554	WT901BLE68(F3:F0:16:BF:DC:AE)	0.906	-0.272	0.315	-2.136	12.695	6.531	-44.65	-66.34	117.68	19.327	5.887	-32.707	-0.57724	-0.28232	0.54010	-0.54337	25.7	null	null	13113	60
2026-05-27T14:30:51.674	WT901BLE68(F3:F0:16:BF:DC:AE)	0.949	-0.302	0.272	-5.188	13.550	4.272	-43.87	-65.02	116.56	19.327	5.887	-32.707	-0.57724	-0.28232	0.54010	-0.54337	25.7	null	null	13113	60
2026-05-27T14:30:51.763	WT901BLE68(F3:F0:16:BF:DC:AE)	0.920	-0.354	0.292	-3.540	10.803	10.071	-43.68	-63.72	115.80	19.327	5.887	-32.707	-0.57724	-0.28232	0.54010	-0.54337	25.7	null	null	13113	60
2026-05-27T14:30:51.884	WT901BLE68(F3:F0:16:BF:DC:AE)	0.855	-0.336	0.380	10.376	5.249	6.592	-43.58	-62.64	116.47	19.327	5.887	-32.707	-0.57724	-0.28232	0.54010	-0.54337	25.7	null	null	13113	60
2026-05-27T14:30:51.975	WT901BLE68(F3:F0:16:BF:DC:AE)	0.827	-0.358	0.392	3.235	0.122	4.883	-43.52	-61.99	117.37	19.327	5.887	-32.707	-0.57724	-0.28232	0.54010	-0.54337	25.7	null	null	13113	60
2026-05-27T14:30:52.091	WT901BLE68(F3:F0:16:BF:DC:AE)	0.827	-0.333	0.390	7.629	0.488	3.113	-43.29	-61.51	118.05	20.613	2.380	-30.020	-0.57724	-0.28232	0.54010	-0.54337	25.7	null	null	13113	60
2026-05-27T14:30:52.153	WT901BLE68(F3:F0:16:BF:DC:AE)	0.861	-0.305	0.387	4.395	8.667	3.723	-42.50	-60.81	118.06	20.613	2.380	-30.020	-0.57724	-0.28232	0.54010	-0.54337	25.7	null	null	13113	60
2026-05-27T14:30:52.273	WT901BLE68(F3:F0:16:BF:DC:AE)	0.847	-0.343	0.395	-1.526	17.212	3.174	-41.12	-59.45	116.83	20.613	2.380	-30.020	-0.57159	-0.24133	0.50769	-0.59763	25.7	null	null	13113	60
2026-05-27T14:30:52.363	WT901BLE68(F3:F0:16:BF:DC:AE)	0.818	-0.384	0.410	-0.122	20.020	5.493	-39.79	-57.65	115.23	20.613	2.380	-30.020	-0.57159	-0.24133	0.50769	-0.59763	25.7	null	null	13113	60
2026-05-27T14:30:52.484	WT901BLE68(F3:F0:16:BF:DC:AE)	0.771	-0.390	0.457	-1.465	16.846	2.991	-38.72	-55.92	113.82	20.613	2.380	-30.020	-0.57159	-0.24133	0.50769	-0.59763	25.7	null	null	13113	60
2026-05-27T14:30:52.573	WT901BLE68(F3:F0:16:BF:DC:AE)	0.824	-0.364	0.456	-1.831	12.634	0.793	-37.89	-54.54	112.67	20.613	2.380	-30.020	-0.57159	-0.24133	0.50769	-0.59763	25.7	null	null	13113	60
2026-05-27T14:30:52.694	WT901BLE68(F3:F0:16:BF:DC:AE)	0.886	-0.341	0.454	3.296	4.639	-1.404	-37.14	-53.84	111.99	20.613	2.380	-30.020	-0.57159	-0.24133	0.50769	-0.59763	25.7	null	null	13113	60
2026-05-27T14:30:52.782	WT901BLE68(F3:F0:16:BF:DC:AE)	0.866	-0.347	0.467	-0.366	-0.427	1.221	-36.87	-53.83	111.97	20.613	2.380	-30.020	-0.57159	-0.24133	0.50769	-0.59763	25.7	null	null	13113	60
2026-05-27T14:30:52.905	WT901BLE68(F3:F0:16:BF:DC:AE)	0.773	-0.332	0.511	2.075	-0.244	1.953	-36.85	-53.90	112.31	20.613	2.380	-30.020	-0.57159	-0.24133	0.50769	-0.59763	25.7	null	null	13113	60
2026-05-27T14:30:52.963	WT901BLE68(F3:F0:16:BF:DC:AE)	0.724	-0.372	0.516	-2.197	6.897	2.808	-36.71	-53.43	112.25	21.660	1.033	-23.200	-0.57159	-0.24133	0.50769	-0.59763	25.7	null	null	13113	60
2026-05-27T14:30:53.082	WT901BLE68(F3:F0:16:BF:DC:AE)	0.751	-0.358	0.516	4.150	7.446	5.615	-36.53	-52.40	112.21	21.660	1.033	-23.200	-0.57159	-0.24133	0.50769	-0.59763	25.7	null	null	13113	60
2026-05-27T14:30:53.171	WT901BLE68(F3:F0:16:BF:DC:AE)	0.787	-0.332	0.521	2.991	8.545	3.540	-36.04	-51.35	112.32	21.660	1.033	-23.200	-0.58926	-0.18967	0.46512	-0.63272	25.7	null	null	13113	60
2026-05-27T14:30:53.293	WT901BLE68(F3:F0:16:BF:DC:AE)	0.789	-0.355	0.518	-3.784	11.658	3.052	-35.65	-50.39	111.81	21.660	1.033	-23.200	-0.58926	-0.18967	0.46512	-0.63272	25.7	null	null	13113	60
2026-05-27T14:30:53.382	WT901BLE68(F3:F0:16:BF:DC:AE)	0.770	-0.384	0.524	-5.493	11.353	0.244	-35.57	-49.50	111.17	21.660	1.033	-23.200	-0.58926	-0.18967	0.46512	-0.63272	25.7	null	null	13113	60
2026-05-27T14:30:53.502	WT901BLE68(F3:F0:16:BF:DC:AE)	0.729	-0.421	0.530	-0.427	4.578	-0.671	-35.39	-48.89	110.64	21.660	1.033	-23.200	-0.58926	-0.18967	0.46512	-0.63272	25.7	null	null	13113	60
2026-05-27T14:30:53.563	WT901BLE68(F3:F0:16:BF:DC:AE)	0.736	-0.420	0.547	2.136	-2.869	1.038	-35.41	-48.75	110.94	21.660	1.033	-23.200	-0.58926	-0.18967	0.46512	-0.63272	25.7	null	null	13113	60
2026-05-27T14:30:53.683	WT901BLE68(F3:F0:16:BF:DC:AE)	0.784	-0.351	0.550	4.211	-4.883	0.671	-35.50	-49.02	111.74	21.660	1.033	-23.200	-0.58926	-0.18967	0.46512	-0.63272	25.7	null	null	13113	60
2026-05-27T14:30:53.772	WT901BLE68(F3:F0:16:BF:DC:AE)	0.765	-0.356	0.548	-1.465	2.014	0.854	-35.49	-49.10	112.05	21.660	1.033	-23.200	-0.58926	-0.18967	0.46512	-0.63272	25.7	null	null	13113	60
2026-05-27T14:30:53.891	WT901BLE68(F3:F0:16:BF:DC:AE)	0.701	-0.410	0.544	-1.099	7.080	4.395	-35.54	-48.55	112.01	22.180	-0.447	-19.473	-0.58926	-0.18967	0.46512	-0.63272	25.7	null	null	13113	60
2026-05-27T14:30:53.981	WT901BLE68(F3:F0:16:BF:DC:AE)	0.708	-0.383	0.567	1.343	7.507	6.470	-35.49	-47.58	112.13	22.180	-0.447	-19.473	-0.58926	-0.18967	0.46512	-0.63272	25.7	null	null	13113	60
2026-05-27T14:30:54.102	WT901BLE68(F3:F0:16:BF:DC:AE)	0.732	-0.416	0.565	-1.648	4.944	0.244	-35.52	-46.85	112.15	22.180	-0.447	-19.473	-0.58798	-0.15958	0.44418	-0.65683	25.7	null	null	13113	60
2026-05-27T14:30:54.191	WT901BLE68(F3:F0:16:BF:DC:AE)	0.750	-0.403	0.575	-6.104	1.221	-2.747	-35.44	-46.63	111.87	22.180	-0.447	-19.473	-0.58798	-0.15958	0.44418	-0.65683	25.7	null	null	13113	60
2026-05-27T14:30:54.316	WT901BLE68(F3:F0:16:BF:DC:AE)	0.764	-0.402	0.569	0.732	-2.502	-3.296	-35.26	-46.87	111.69	22.180	-0.447	-19.473	-0.58798	-0.15958	0.44418	-0.65683	25.7	null	null	13113	60
2026-05-27T14:30:54.373	WT901BLE68(F3:F0:16:BF:DC:AE)	0.740	-0.396	0.567	-1.038	-0.061	-2.747	-35.13	-47.11	111.52	22.180	-0.447	-19.473	-0.58798	-0.15958	0.44418	-0.65683	25.7	null	null	13113	60
2026-05-27T14:30:54.493	WT901BLE68(F3:F0:16:BF:DC:AE)	0.726	-0.408	0.552	-5.493	6.592	-0.854	-35.07	-46.97	111.13	22.180	-0.447	-19.473	-0.58798	-0.15958	0.44418	-0.65683	25.7	null	null	13113	60
2026-05-27T14:30:54.585	WT901BLE68(F3:F0:16:BF:DC:AE)	0.708	-0.416	0.558	-1.709	8.301	4.211	-35.08	-46.15	110.87	22.180	-0.447	-19.473	-0.58798	-0.15958	0.44418	-0.65683	25.7	null	null	13113	60
2026-05-27T14:30:54.701	WT901BLE68(F3:F0:16:BF:DC:AE)	0.669	-0.422	0.610	3.906	10.010	8.484	-34.92	-44.91	110.95	22.180	-0.447	-19.473	-0.58798	-0.15958	0.44418	-0.65683	25.7	null	null	13113	60
2026-05-27T14:30:54.793	WT901BLE68(F3:F0:16:BF:DC:AE)	0.628	-0.430	0.607	6.714	7.324	6.531	-34.56	-43.66	111.15	21.327	-1.907	-15.233	-0.58798	-0.15958	0.44418	-0.65683	25.7	null	null	13113	60
2026-05-27T14:30:54.913	WT901BLE68(F3:F0:16:BF:DC:AE)	0.660	-0.411	0.627	8.118	-0.244	5.188	-34.44	-43.04	111.94	21.327	-1.907	-15.233	-0.58798	-0.15958	0.44418	-0.65683	25.7	null	null	13113	60
2026-05-27T14:30:54.971	WT901BLE68(F3:F0:16:BF:DC:AE)	0.709	-0.387	0.628	1.587	-4.211	-0.366	-34.37	-43.13	112.49	21.327	-1.907	-15.233	-0.58508	-0.13776	0.42337	-0.67773	25.7	null	null	13113	60
2026-05-27T14:30:55.093	WT901BLE68(F3:F0:16:BF:DC:AE)	0.714	-0.410	0.625	-3.174	-1.648	-3.845	-34.17	-43.41	112.37	21.327	-1.907	-15.233	-0.58508	-0.13776	0.42337	-0.67773	25.7	null	null	13113	60
2026-05-27T14:30:55.184	WT901BLE68(F3:F0:16:BF:DC:AE)	0.679	-0.439	0.590	-3.052	-0.122	-2.075	-34.11	-43.61	112.06	21.327	-1.907	-15.233	-0.58508	-0.13776	0.42337	-0.67773	25.7	null	null	13113	60
2026-05-27T14:30:55.301	WT901BLE68(F3:F0:16:BF:DC:AE)	0.674	-0.417	0.614	-1.343	3.357	2.197	-34.06	-43.39	112.07	21.327	-1.907	-15.233	-0.58508	-0.13776	0.42337	-0.67773	25.7	null	null	13113	60
2026-05-27T14:30:55.393	WT901BLE68(F3:F0:16:BF:DC:AE)	0.671	-0.379	0.627	-0.244	3.967	1.038	-33.93	-42.89	112.02	21.327	-1.907	-15.233	-0.58508	-0.13776	0.42337	-0.67773	25.7	null	null	13113	60
2026-05-27T14:30:55.515	WT901BLE68(F3:F0:16:BF:DC:AE)	0.708	-0.409	0.638	-2.380	4.700	-2.563	-33.77	-42.48	111.65	21.327	-1.907	-15.233	-0.58508	-0.13776	0.42337	-0.67773	25.7	null	null	13113	60
2026-05-27T14:30:55.603	WT901BLE68(F3:F0:16:BF:DC:AE)	0.654	-0.452	0.609	0.488	2.014	0.183	-33.69	-42.27	111.24	21.327	-1.907	-15.233	-0.58508	-0.13776	0.42337	-0.67773	25.7	null	null	13113	60
2026-05-27T14:30:55.721	WT901BLE68(F3:F0:16:BF:DC:AE)	0.610	-0.413	0.611	2.563	2.075	5.188	-33.48	-42.01	111.47	21.293	-1.927	-13.713	-0.58508	-0.13776	0.42337	-0.67773	25.7	null	null	13113	60
2026-05-27T14:30:55.782	WT901BLE68(F3:F0:16:BF:DC:AE)	0.634	-0.405	0.641	4.578	5.188	6.958	-33.56	-41.29	112.08	21.293	-1.927	-13.713	-0.58508	-0.13776	0.42337	-0.67773	25.7	null	null	13113	60
2026-05-27T14:30:55.901	WT901BLE68(F3:F0:16:BF:DC:AE)	0.616	-0.443	0.646	2.441	5.798	6.165	-33.36	-40.36	112.42	21.293	-1.927	-13.713	-0.58368	-0.12720	0.41028	-0.68896	25.7	null	null	13113	60
2026-05-27T14:30:55.993	WT901BLE68(F3:F0:16:BF:DC:AE)	0.666	-0.398	0.673	-1.404	7.813	2.808	-32.94	-39.50	112.53	21.293	-1.927	-13.713	-0.58368	-0.12720	0.41028	-0.68896	25.7	null	null	13113	60
2026-05-27T14:30:56.114	WT901BLE68(F3:F0:16:BF:DC:AE)	0.655	-0.425	0.677	-1.587	6.714	0.610	-32.81	-38.88	112.34	21.293	-1.927	-13.713	-0.58368	-0.12720	0.41028	-0.68896	25.7	null	null	13113	60
2026-05-27T14:30:56.204	WT901BLE68(F3:F0:16:BF:DC:AE)	0.699	-0.443	0.688	-3.845	1.038	0.427	-32.83	-38.63	112.24	21.293	-1.927	-13.713	-0.58368	-0.12720	0.41028	-0.68896	25.7	null	null	13113	60
2026-05-27T14:30:56.320	WT901BLE68(F3:F0:16:BF:DC:AE)	0.628	-0.439	0.678	-2.197	6.531	-1.038	-32.96	-38.38	112.01	21.293	-1.927	-13.713	-0.58368	-0.12720	0.41028	-0.68896	25.7	null	null	13113	60
2026-05-27T14:30:56.383	WT901BLE68(F3:F0:16:BF:DC:AE)	0.573	-0.479	0.644	-0.671	8.423	3.418	-32.64	-37.70	111.46	21.293	-1.927	-13.713	-0.58368	-0.12720	0.41028	-0.68896	25.7	null	null	13113	60
2026-05-27T14:30:56.507	WT901BLE68(F3:F0:16:BF:DC:AE)	0.567	-0.436	0.662	3.296	11.230	8.362	-32.68	-36.57	111.63	21.293	-1.927	-13.713	-0.58368	-0.12720	0.41028	-0.68896	25.7	null	null	13113	60
2026-05-27T14:30:56.590	WT901BLE68(F3:F0:16:BF:DC:AE)	0.559	-0.441	0.704	0.305	13.977	7.324	-32.35	-35.11	111.72	20.900	-4.040	-10.233	-0.58368	-0.12720	0.41028	-0.68896	25.7	null	null	13113	60
2026-05-27T14:30:56.712	WT901BLE68(F3:F0:16:BF:DC:AE)	0.561	-0.451	0.729	2.136	6.531	7.141	-32.23	-33.83	112.02	20.900	-4.040	-10.233	-0.58368	-0.12720	0.41028	-0.68896	25.7	null	null	13113	60
2026-05-27T14:30:56.803	WT901BLE68(F3:F0:16:BF:DC:AE)	0.556	-0.422	0.735	2.258	3.174	3.723	-32.07	-33.13	112.46	20.900	-4.040	-10.233	-0.57825	-0.08102	0.37378	-0.72058	25.7	null	null	13113	60
2026-05-27T14:30:56.922	WT901BLE68(F3:F0:16:BF:DC:AE)	0.511	-0.414	0.720	1.648	3.235	0.427	-31.95	-32.90	112.63	20.900	-4.040	-10.233	-0.57825	-0.08102	0.37378	-0.72058	25.7	null	null	13113	60
2026-05-27T14:30:57.013	WT901BLE68(F3:F0:16:BF:DC:AE)	0.527	-0.439	0.701	0.610	5.432	-0.732	-31.80	-32.68	112.55	20.900	-4.040	-10.233	-0.57825	-0.08102	0.37378	-0.72058	25.7	null	null	13113	60
2026-05-27T14:30:57.134	WT901BLE68(F3:F0:16:BF:DC:AE)	0.507	-0.420	0.716	1.648	5.798	-1.282	-31.49	-32.22	112.38	20.900	-4.040	-10.233	-0.57825	-0.08102	0.37378	-0.72058	25.7	null	null	13113	60
2026-05-27T14:30:57.189	WT901BLE68(F3:F0:16:BF:DC:AE)	0.500	-0.438	0.721	4.272	4.578	-0.610	-31.27	-31.83	112.20	20.900	-4.040	-10.233	-0.57825	-0.08102	0.37378	-0.72058	25.7	null	null	13113	60
2026-05-27T14:30:57.310	WT901BLE68(F3:F0:16:BF:DC:AE)	0.514	-0.437	0.736	0.000	3.296	0.244	-30.96	-31.44	112.01	20.900	-4.040	-10.233	-0.57825	-0.08102	0.37378	-0.72058	25.7	null	null	13113	60
2026-05-27T14:30:57.403	WT901BLE68(F3:F0:16:BF:DC:AE)	0.486	-0.442	0.747	5.676	3.357	2.441	-30.51	-30.96	111.87	20.900	-4.040	-10.233	-0.57825	-0.08102	0.37378	-0.72058	25.7	null	null	13113	60
2026-05-27T14:30:57.520	WT901BLE68(F3:F0:16:BF:DC:AE)	0.502	-0.442	0.757	-0.244	1.709	1.465	-30.54	-30.70	112.06	19.380	-5.533	-5.760	-0.57825	-0.08102	0.37378	-0.72058	25.7	null	null	13113	60
2026-05-27T14:30:57.614	WT901BLE68(F3:F0:16:BF:DC:AE)	0.523	-0.448	0.759	4.761	-0.732	0.183	-30.13	-30.60	112.10	19.380	-5.533	-5.760	-0.57825	-0.08102	0.37378	-0.72058	25.7	null	null	13113	60
2026-05-27T14:30:57.733	WT901BLE68(F3:F0:16:BF:DC:AE)	0.521	-0.433	0.776	-0.427	3.174	-2.258	-29.97	-30.51	112.07	19.380	-5.533	-5.760	-0.57675	-0.07187	0.34955	-0.73477	25.7	null	null	13113	60
2026-05-27T14:30:57.791	WT901BLE68(F3:F0:16:BF:DC:AE)	0.483	-0.428	0.746	0.977	0.610	0.427	-29.78	-30.33	111.87	19.380	-5.533	-5.760	-0.57675	-0.07187	0.34955	-0.73477	25.7	null	null	13113	60
2026-05-27T14:30:57.913	WT901BLE68(F3:F0:16:BF:DC:AE)	0.530	-0.400	0.768	-1.770	3.662	0.122	-29.73	-30.12	111.84	19.380	-5.533	-5.760	-0.57675	-0.07187	0.34955	-0.73477	25.7	null	null	13113	60
2026-05-27T14:30:58.001	WT901BLE68(F3:F0:16:BF:DC:AE)	0.506	-0.459	0.772	-0.488	2.930	0.305	-29.85	-29.95	111.73	19.380	-5.533	-5.760	-0.57675	-0.07187	0.34955	-0.73477	25.7	null	null	13113	60
2026-05-27T14:30:58.121	WT901BLE68(F3:F0:16:BF:DC:AE)	0.481	-0.463	0.754	1.038	3.723	3.418	-29.88	-29.64	111.65	19.380	-5.533	-5.760	-0.57675	-0.07187	0.34955	-0.73477	25.7	null	null	13113	60
2026-05-27T14:30:58.215	WT901BLE68(F3:F0:16:BF:DC:AE)	0.473	-0.449	0.757	1.404	9.033	4.944	-29.83	-28.82	111.70	19.380	-5.533	-5.760	-0.57675	-0.07187	0.34955	-0.73477	25.7	null	null	13113	60
2026-05-27T14:30:58.334	WT901BLE68(F3:F0:16:BF:DC:AE)	0.464	-0.411	0.761	-2.808	12.512	7.935	-29.89	-27.48	111.71	19.380	-5.533	-5.760	-0.57675	-0.07187	0.34955	-0.73477	25.7	null	null	13113	60
2026-05-27T14:30:58.390	WT901BLE68(F3:F0:16:BF:DC:AE)	0.462	-0.546	0.802	3.845	9.155	8.789	-30.02	-26.13	111.95	18.233	-6.673	-2.327	-0.57675	-0.07187	0.34955	-0.73477	25.7	null	null	13113	60
2026-05-27T14:30:58.543	WT901BLE68(F3:F0:16:BF:DC:AE)	0.375	-0.465	0.814	4.333	0.427	9.338	-29.87	-25.33	112.76	18.233	-6.673	-2.327	-0.57675	-0.07187	0.34955	-0.73477	25.7	null	null	13113	60
2026-05-27T14:30:58.601	WT901BLE68(F3:F0:16:BF:DC:AE)	0.443	-0.386	0.825	3.723	0.488	3.113	-29.87	-25.08	113.52	18.233	-6.673	-2.327	-0.56537	-0.03711	0.32642	-0.75653	25.7	null	null	13113	60
2026-05-27T14:30:58.723	WT901BLE68(F3:F0:16:BF:DC:AE)	0.399	-0.426	0.811	-1.099	-3.479	-0.183	-29.81	-25.12	113.79	18.233	-6.673	-2.327	-0.56537	-0.03711	0.32642	-0.75653	25.7	null	null	13113	60
2026-05-27T14:30:58.814	WT901BLE68(F3:F0:16:BF:DC:AE)	0.431	-0.420	0.794	-3.235	0.427	-0.244	-29.87	-25.21	113.98	18.233	-6.673	-2.327	-0.56537	-0.03711	0.32642	-0.75653	25.7	null	null	13113	60
2026-05-27T14:30:58.933	WT901BLE68(F3:F0:16:BF:DC:AE)	0.377	-0.442	0.756	2.075	12.085	-1.709	-29.56	-24.54	113.63	18.233	-6.673	-2.327	-0.56537	-0.03711	0.32642	-0.75653	25.7	null	null	13113	60
2026-05-27T14:30:59.022	WT901BLE68(F3:F0:16:BF:DC:AE)	0.352	-0.465	0.781	4.089	15.442	2.380	-29.00	-23.24	113.03	18.233	-6.673	-2.327	-0.56537	-0.03711	0.32642	-0.75653	25.7	null	null	13113	60
2026-05-27T14:30:59.143	WT901BLE68(F3:F0:16:BF:DC:AE)	0.364	-0.488	0.822	8.240	14.954	7.019	-28.66	-21.76	112.85	18.233	-6.673	-2.327	-0.56537	-0.03711	0.32642	-0.75653	25.7	null	null	13113	60
2026-05-27T14:30:59.200	WT901BLE68(F3:F0:16:BF:DC:AE)	0.345	-0.501	0.856	8.118	10.193	7.202	-27.83	-20.34	112.80	18.233	-6.673	-2.327	-0.56537	-0.03711	0.32642	-0.75653	25.7	null	null	13113	60
2026-05-27T14:30:59.321	WT901BLE68(F3:F0:16:BF:DC:AE)	0.333	-0.411	0.868	13.306	11.353	2.686	-26.79	-19.22	112.87	15.893	-8.073	1.753	-0.56537	-0.03711	0.32642	-0.75653	25.7	null	null	13113	60
2026-05-27T14:30:59.413	WT901BLE68(F3:F0:16:BF:DC:AE)	0.341	-0.456	0.879	8.240	13.062	-2.441	-25.81	-18.22	112.25	15.893	-8.073	1.753	-0.56537	-0.03711	0.32642	-0.75653	25.7	null	null	13113	60
2026-05-27T14:30:59.530	WT901BLE68(F3:F0:16:BF:DC:AE)	0.335	-0.451	0.930	8.057	7.874	-1.160	-24.91	-17.60	111.61	15.893	-8.073	1.753	-0.56775	-0.00476	0.26349	-0.77979	25.7	null	null	13113	60
2026-05-27T14:30:59.621	WT901BLE68(F3:F0:16:BF:DC:AE)	0.326	-0.463	0.934	3.052	2.014	-1.099	-24.39	-17.30	110.89	15.893	-8.073	1.753	-0.56775	-0.00476	0.26349	-0.77979	25.7	null	null	13113	60
2026-05-27T14:30:59.744	WT901BLE68(F3:F0:16:BF:DC:AE)	0.311	-0.460	0.878	0.549	2.380	0.732	-24.06	-17.12	110.35	15.893	-8.073	1.753	-0.56775	-0.00476	0.26349	-0.77979	25.7	null	null	13113	60
2026-05-27T14:30:59.831	WT901BLE68(F3:F0:16:BF:DC:AE)	0.274	-0.353	0.883	8.362	7.263	4.944	-23.70	-16.59	110.19	15.893	-8.073	1.753	-0.56775	-0.00476	0.26349	-0.77979	25.7	null	null	13113	60
2026-05-27T14:30:59.954	WT901BLE68(F3:F0:16:BF:DC:AE)	0.224	-0.362	0.908	8.911	14.771	2.686	-22.86	-15.31	109.78	15.893	-8.073	1.753	-0.56775	-0.00476	0.26349	-0.77979	25.7	null	null	13113	60
2026-05-27T14:31:00.013	WT901BLE68(F3:F0:16:BF:DC:AE)	0.243	-0.436	0.913	3.418	9.338	6.104	-22.27	-14.00	109.41	15.893	-8.073	1.753	-0.56775	-0.00476	0.26349	-0.77979	25.7	null	null	13113	60
2026-05-27T14:31:00.131	WT901BLE68(F3:F0:16:BF:DC:AE)	0.178	-0.283	0.873	14.465	7.996	8.606	-21.39	-12.93	109.59	15.893	-8.073	1.753	-0.56775	-0.00476	0.26349	-0.77979	25.7	null	null	13113	60
2026-05-27T14:31:00.222	WT901BLE68(F3:F0:16:BF:DC:AE)	0.180	-0.353	0.921	6.836	3.296	3.845	-20.73	-12.16	109.50	11.973	-5.627	7.473	-0.56775	-0.00476	0.26349	-0.77979	25.7	null	null	13113	60
2026-05-27T14:31:00.344	WT901BLE68(F3:F0:16:BF:DC:AE)	0.220	-0.322	0.960	-0.732	-5.859	5.432	-20.43	-12.11	109.58	11.973	-5.627	7.473	-0.56775	-0.00476	0.26349	-0.77979	25.7	null	null	13113	60
2026-05-27T14:31:00.431	WT901BLE68(F3:F0:16:BF:DC:AE)	0.260	-0.288	0.989	-16.541	-14.404	-5.920	-21.30	-13.17	109.71	11.973	-5.627	7.473	-0.57892	0.01556	0.20718	-0.78839	25.7	null	null	13113	60
2026-05-27T14:31:00.555	WT901BLE68(F3:F0:16:BF:DC:AE)	0.214	-0.386	0.903	-13.855	-20.142	-8.972	-22.69	-15.06	109.61	11.973	-5.627	7.473	-0.57892	0.01556	0.20718	-0.78839	25.7	null	null	13113	60
2026-05-27T14:31:00.611	WT901BLE68(F3:F0:16:BF:DC:AE)	0.241	-0.356	0.842	-18.005	-20.935	-7.141	-23.99	-16.93	109.63	11.973	-5.627	7.473	-0.57892	0.01556	0.20718	-0.78839	25.7	null	null	13113	60
2026-05-27T14:31:00.734	WT901BLE68(F3:F0:16:BF:DC:AE)	0.366	-0.492	0.875	-19.348	-21.301	-6.226	-25.93	-19.00	110.00	11.973	-5.627	7.473	-0.57892	0.01556	0.20718	-0.78839	25.7	null	null	13113	60
2026-05-27T14:31:00.822	WT901BLE68(F3:F0:16:BF:DC:AE)	0.370	-0.475	0.834	-9.338	-17.090	-2.930	-27.31	-20.80	110.63	11.973	-5.627	7.473	-0.57892	0.01556	0.20718	-0.78839	25.7	null	null	13113	60
2026-05-27T14:31:00.940	WT901BLE68(F3:F0:16:BF:DC:AE)	0.403	-0.453	0.824	-8.667	-8.362	-4.944	-28.07	-22.09	111.03	11.973	-5.627	7.473	-0.57892	0.01556	0.20718	-0.78839	25.7	null	null	13113	60
2026-05-27T14:31:01.034	WT901BLE68(F3:F0:16:BF:DC:AE)	0.394	-0.467	0.825	-11.780	-6.531	-8.118	-28.75	-22.87	111.02	11.973	-5.627	7.473	-0.57892	0.01556	0.20718	-0.78839	25.7	null	null	13113	60
2026-05-27T14:31:01.153	WT901BLE68(F3:F0:16:BF:DC:AE)	0.394	-0.522	0.794	-5.859	-11.414	-3.052	-29.00	-23.66	110.95	16.993	-7.087	-0.087	-0.57892	0.01556	0.20718	-0.78839	25.7	null	null	13113	60
2026-05-27T14:31:01.242	WT901BLE68(F3:F0:16:BF:DC:AE)	0.384	-0.497	0.793	-5.981	-13.855	-1.160	-29.65	-24.49	111.54	16.993	-7.087	-0.087	-0.57892	0.01556	0.20718	-0.78839	25.7	null	null	13113	60
2026-05-27T14:31:01.362	WT901BLE68(F3:F0:16:BF:DC:AE)	0.447	-0.470	0.800	-4.944	-12.085	-2.502	-30.09	-25.44	112.09	16.993	-7.087	-0.087	-0.57486	-0.03149	0.32501	-0.75018	25.7	null	null	13113	60
2026-05-27T14:31:01.421	WT901BLE68(F3:F0:16:BF:DC:AE)	0.526	-0.513	0.789	-3.418	-7.385	-3.479	-30.50	-26.52	112.43	16.993	-7.087	-0.087	-0.57486	-0.03149	0.32501	-0.75018	25.7	null	null	13113	60
2026-05-27T14:31:01.544	WT901BLE68(F3:F0:16:BF:DC:AE)	0.489	-0.488	0.771	-5.493	-8.728	-4.822	-30.67	-27.52	112.54	16.993	-7.087	-0.087	-0.57486	-0.03149	0.32501	-0.75018	25.7	null	null	13113	60
2026-05-27T14:31:01.632	WT901BLE68(F3:F0:16:BF:DC:AE)	0.537	-0.491	0.729	-5.127	-11.597	-5.920	-31.16	-28.71	112.73	16.993	-7.087	-0.087	-0.57486	-0.03149	0.32501	-0.75018	25.7	null	null	13113	60
2026-05-27T14:31:01.754	WT901BLE68(F3:F0:16:BF:DC:AE)	0.526	-0.442	0.727	-0.732	-15.381	-5.737	-31.56	-30.09	112.95	16.993	-7.087	-0.087	-0.57486	-0.03149	0.32501	-0.75018	25.7	null	null	13113	60
2026-05-27T14:31:01.841	WT901BLE68(F3:F0:16:BF:DC:AE)	0.573	-0.391	0.727	-5.432	-10.925	-5.981	-31.77	-31.38	113.21	16.993	-7.087	-0.087	-0.57486	-0.03149	0.32501	-0.75018	25.7	null	null	13113	60
2026-05-27T14:31:01.961	WT901BLE68(F3:F0:16:BF:DC:AE)	0.557	-0.521	0.668	-6.165	-7.019	-4.272	-32.18	-32.49	113.15	16.993	-7.087	-0.087	-0.57486	-0.03149	0.32501	-0.75018	25.7	null	null	13113	60
2026-05-27T14:31:02.021	WT901BLE68(F3:F0:16:BF:DC:AE)	0.564	-0.494	0.688	-2.380	-8.423	-0.183	-32.71	-33.18	113.26	20.387	-5.567	-7.180	-0.57486	-0.03149	0.32501	-0.75018	25.7	null	null	13113	60
2026-05-27T14:31:02.143	WT901BLE68(F3:F0:16:BF:DC:AE)	0.560	-0.432	0.675	1.709	-9.277	-2.319	-33.15	-33.94	113.74	20.387	-5.567	-7.180	-0.57486	-0.03149	0.32501	-0.75018	25.7	null	null	13113	60
2026-05-27T14:31:02.231	WT901BLE68(F3:F0:16:BF:DC:AE)	0.548	-0.440	0.670	4.150	-9.766	-2.502	-33.60	-34.72	114.20	20.387	-5.567	-7.180	-0.57025	-0.08698	0.38266	-0.72162	25.7	null	null	13113	60
2026-05-27T14:31:02.351	WT901BLE68(F3:F0:16:BF:DC:AE)	0.585	-0.435	0.656	1.831	-12.024	-3.540	-33.83	-35.66	114.56	20.387	-5.567	-7.180	-0.57025	-0.08698	0.38266	-0.72162	25.7	null	null	13113	60
2026-05-27T14:31:02.445	WT901BLE68(F3:F0:16:BF:DC:AE)	0.574	-0.455	0.648	3.723	-9.521	-4.883	-34.09	-36.78	114.95	20.387	-5.567	-7.180	-0.57025	-0.08698	0.38266	-0.72162	25.7	null	null	13113	60
2026-05-27T14:31:02.562	WT901BLE68(F3:F0:16:BF:DC:AE)	0.566	-0.461	0.650	2.441	-7.202	-2.502	-34.28	-37.83	115.29	20.387	-5.567	-7.180	-0.57025	-0.08698	0.38266	-0.72162	25.7	null	null	13113	60
2026-05-27T14:31:02.652	WT901BLE68(F3:F0:16:BF:DC:AE)	0.626	-0.458	0.616	2.930	-6.165	-1.038	-34.44	-38.60	115.68	20.387	-5.567	-7.180	-0.57025	-0.08698	0.38266	-0.72162	25.7	null	null	13113	60
2026-05-27T14:31:02.775	WT901BLE68(F3:F0:16:BF:DC:AE)	0.611	-0.406	0.636	-6.714	-4.211	-4.395	-34.46	-39.03	115.78	20.387	-5.567	-7.180	-0.57025	-0.08698	0.38266	-0.72162	25.7	null	null	13113	60
2026-05-27T14:31:02.832	WT901BLE68(F3:F0:16:BF:DC:AE)	0.599	-0.493	0.601	-2.380	-1.648	-2.197	-34.57	-39.35	115.45	20.387	-5.567	-7.180	-0.57025	-0.08698	0.38266	-0.72162	25.7	null	null	13113	60
2026-05-27T14:31:02.952	WT901BLE68(F3:F0:16:BF:DC:AE)	0.656	-0.425	0.622	-1.831	-2.686	-3.479	-34.67	-39.80	115.35	21.287	-3.347	-13.580	-0.57025	-0.08698	0.38266	-0.72162	25.7	null	null	13113	60
2026-05-27T14:31:03.042	WT901BLE68(F3:F0:16:BF:DC:AE)	0.701	-0.466	0.605	-2.502	-3.113	-4.639	-34.76	-40.29	115.06	21.287	-3.347	-13.580	-0.57025	-0.08698	0.38266	-0.72162	25.7	null	null	13113	60
2026-05-27T14:31:03.163	WT901BLE68(F3:F0:16:BF:DC:AE)	0.724	-0.459	0.631	-5.432	-6.165	-4.028	-34.74	-40.88	114.94	21.287	-3.347	-13.580	-0.56805	-0.12787	0.41306	-0.70016	25.7	null	null	13113	60
2026-05-27T14:31:03.252	WT901BLE68(F3:F0:16:BF:DC:AE)	0.668	-0.412	0.626	-0.549	-7.141	-2.747	-34.47	-41.56	114.90	21.287	-3.347	-13.580	-0.56805	-0.12787	0.41306	-0.70016	25.7	null	null	13113	60
2026-05-27T14:31:03.374	WT901BLE68(F3:F0:16:BF:DC:AE)	0.660	-0.386	0.604	-1.343	-3.113	-2.563	-34.46	-42.17	114.84	21.287	-3.347	-13.580	-0.56805	-0.12787	0.41306	-0.70016	25.7	null	null	13113	60
2026-05-27T14:31:03.432	WT901BLE68(F3:F0:16:BF:DC:AE)	0.657	-0.408	0.615	-5.188	-4.883	-1.892	-34.62	-42.67	114.81	21.287	-3.347	-13.580	-0.56805	-0.12787	0.41306	-0.70016	25.7	null	null	13113	60
2026-05-27T14:31:03.553	WT901BLE68(F3:F0:16:BF:DC:AE)	0.652	-0.431	0.593	3.723	-10.498	-1.770	-34.48	-43.25	115.07	21.287	-3.347	-13.580	-0.56805	-0.12787	0.41306	-0.70016	25.7	null	null	13113	60
2026-05-27T14:31:03.643	WT901BLE68(F3:F0:16:BF:DC:AE)	0.710	-0.361	0.584	2.808	-7.141	-2.869	-34.53	-43.96	115.38	21.287	-3.347	-13.580	-0.56805	-0.12787	0.41306	-0.70016	25.7	null	null	13113	60
2026-05-27T14:31:03.762	WT901BLE68(F3:F0:16:BF:DC:AE)	0.707	-0.359	0.566	0.793	-5.188	-6.348	-34.56	-44.81	115.21	21.287	-3.347	-13.580	-0.56805	-0.12787	0.41306	-0.70016	25.7	null	null	13113	60
2026-05-27T14:31:03.853	WT901BLE68(F3:F0:16:BF:DC:AE)	0.692	-0.413	0.549	-0.610	-2.258	-7.385	-34.68	-45.52	114.45	22.087	-0.747	-16.987	-0.56805	-0.12787	0.41306	-0.70016	25.7	null	null	13113	60
2026-05-27T14:31:03.972	WT901BLE68(F3:F0:16:BF:DC:AE)	0.762	-0.394	0.538	-7.019	-5.493	-6.531	-34.80	-46.42	113.94	22.087	-0.747	-16.987	-0.56805	-0.12787	0.41306	-0.70016	25.7	null	null	13113	60
2026-05-27T14:31:04.031	WT901BLE68(F3:F0:16:BF:DC:AE)	0.765	-0.371	0.551	3.052	-8.484	-5.859	-34.87	-47.43	113.84	22.087	-0.747	-16.987	-0.57739	-0.16794	0.43805	-0.66815	25.7	null	null	13113	60
2026-05-27T14:31:04.188	WT901BLE68(F3:F0:16:BF:DC:AE)	0.766	-0.386	0.510	-0.671	-10.193	-2.686	-35.01	-48.44	113.85	22.087	-0.747	-16.987	-0.57739	-0.16794	0.43805	-0.66815	25.7	null	null	13113	60
2026-05-27T14:31:04.241	WT901BLE68(F3:F0:16:BF:DC:AE)	0.797	-0.361	0.508	5.676	-7.935	-3.418	-35.56	-49.54	114.33	22.087	-0.747	-16.987	-0.57739	-0.16794	0.43805	-0.66815	25.7	null	null	13113	60
2026-05-27T14:31:04.365	WT901BLE68(F3:F0:16:BF:DC:AE)	0.805	-0.401	0.506	-1.099	-10.559	-2.197	-35.83	-50.58	114.65	22.087	-0.747	-16.987	-0.57739	-0.16794	0.43805	-0.66815	25.7	null	null	13113	60
2026-05-27T14:31:04.453	WT901BLE68(F3:F0:16:BF:DC:AE)	0.782	-0.357	0.500	5.127	-13.611	-0.549	-36.22	-51.53	115.33	22.087	-0.747	-16.987	-0.57739	-0.16794	0.43805	-0.66815	25.7	null	null	13113	60
2026-05-27T14:31:04.573	WT901BLE68(F3:F0:16:BF:DC:AE)	0.790	-0.339	0.481	2.014	-11.292	-3.479	-36.57	-52.61	115.77	22.087	-0.747	-16.987	-0.57739	-0.16794	0.43805	-0.66815	25.7	null	null	13113	60
2026-05-27T14:31:04.660	WT901BLE68(F3:F0:16:BF:DC:AE)	0.826	-0.333	0.458	-5.554	-9.033	-5.005	-37.07	-53.62	116.05	22.087	-0.747	-16.987	-0.57739	-0.16794	0.43805	-0.66815	25.7	null	null	13113	60
2026-05-27T14:31:04.784	WT901BLE68(F3:F0:16:BF:DC:AE)	0.759	-0.374	0.479	-6.592	-9.521	-5.188	-37.72	-54.63	116.04	21.540	2.180	-24.960	-0.57739	-0.16794	0.43805	-0.66815	25.7	null	null	13113	60
2026-05-27T14:31:04.841	WT901BLE68(F3:F0:16:BF:DC:AE)	0.826	-0.364	0.427	-2.991	-11.414	-5.310	-38.31	-55.76	116.25	21.540	2.180	-24.960	-0.57739	-0.16794	0.43805	-0.66815	25.7	null	null	13113	60
2026-05-27T14:31:04.963	WT901BLE68(F3:F0:16:BF:DC:AE)	0.895	-0.307	0.398	0.366	-10.193	-2.502	-39.24	-56.80	117.05	21.540	2.180	-24.960	-0.57019	-0.22467	0.48227	-0.62585	25.7	null	null	13113	60
2026-05-27T14:31:05.052	WT901BLE68(F3:F0:16:BF:DC:AE)	0.849	-0.329	0.382	-5.432	-10.254	-4.028	-39.99	-57.80	117.48	21.540	2.180	-24.960	-0.57019	-0.22467	0.48227	-0.62585	25.7	null	null	13113	60
2026-05-27T14:31:05.173	WT901BLE68(F3:F0:16:BF:DC:AE)	0.815	-0.404	0.411	-4.883	-16.235	0.061	-41.34	-58.77	118.46	21.540	2.180	-24.960	-0.57019	-0.22467	0.48227	-0.62585	25.7	null	null	13113	60
2026-05-27T14:31:05.264	WT901BLE68(F3:F0:16:BF:DC:AE)	0.847	-0.324	0.391	4.150	-18.188	-0.183	-42.65	-59.83	120.50	21.540	2.180	-24.960	-0.57019	-0.22467	0.48227	-0.62585	25.7	null	null	13113	60
2026-05-27T14:31:05.381	WT901BLE68(F3:F0:16:BF:DC:AE)	0.881	-0.298	0.424	0.854	-17.639	-4.883	-43.76	-61.06	122.09	21.540	2.180	-24.960	-0.57019	-0.22467	0.48227	-0.62585	25.7	null	null	13113	60
2026-05-27T14:31:05.475	WT901BLE68(F3:F0:16:BF:DC:AE)	0.904	-0.392	0.290	-4.578	-12.207	-7.813	-44.57	-62.38	122.52	21.540	2.180	-24.960	-0.57019	-0.22467	0.48227	-0.62585	25.7	null	null	13113	60
2026-05-27T14:31:05.593	WT901BLE68(F3:F0:16:BF:DC:AE)	0.936	-0.235	0.250	0.488	-6.592	-1.770	-45.53	-63.26	123.36	21.540	2.180	-24.960	-0.57019	-0.22467	0.48227	-0.62585	25.7	null	null	13113	60
2026-05-27T14:31:05.652	WT901BLE68(F3:F0:16:BF:DC:AE)	0.946	-0.300	0.242	-5.920	0.183	-0.427	-45.87	-63.61	123.05	19.740	5.080	-32.920	-0.57019	-0.22467	0.48227	-0.62585	25.7	null	null	13113	60
2026-05-27T14:31:05.773	WT901BLE68(F3:F0:16:BF:DC:AE)	0.934	-0.327	0.270	-3.052	-8.789	-0.916	-46.86	-64.08	123.66	19.740	5.080	-32.920	-0.57019	-0.22467	0.48227	-0.62585	25.7	null	null	13113	60
2026-05-27T14:31:05.861	WT901BLE68(F3:F0:16:BF:DC:AE)	0.907	-0.287	0.269	1.587	-18.860	-6.409	-48.95	-65.53	125.74	19.740	5.080	-32.920	-0.55173	-0.27225	0.52991	-0.58356	25.7	null	null	13113	60
2026-05-27T14:31:05.984	WT901BLE68(F3:F0:16:BF:DC:AE)	0.891	-0.298	0.236	-3.174	-16.296	-4.639	-50.86	-67.01	127.61	19.740	5.080	-32.920	-0.55173	-0.27225	0.52991	-0.58356	25.7	null	null	13113	60
2026-05-27T14:31:06.071	WT901BLE68(F3:F0:16:BF:DC:AE)	0.885	-0.302	0.208	-6.287	-11.719	-1.587	-53.27	-67.86	129.75	19.740	5.080	-32.920	-0.55173	-0.27225	0.52991	-0.58356	25.7	null	null	13113	60
2026-05-27T14:31:06.195	WT901BLE68(F3:F0:16:BF:DC:AE)	0.924	-0.265	0.153	2.075	-11.719	-2.197	-55.52	-68.85	132.25	19.740	5.080	-32.920	-0.55173	-0.27225	0.52991	-0.58356	25.7	null	null	13113	60
2026-05-27T14:31:06.251	WT901BLE68(F3:F0:16:BF:DC:AE)	0.940	-0.285	0.176	-0.671	-7.324	-1.770	-57.27	-69.55	134.05	19.740	5.080	-32.920	-0.55173	-0.27225	0.52991	-0.58356	25.7	null	null	13113	60
2026-05-27T14:31:06.372	WT901BLE68(F3:F0:16:BF:DC:AE)	0.929	-0.290	0.182	-5.310	0.671	1.038	-58.60	-69.73	135.04	19.740	5.080	-32.920	-0.55173	-0.27225	0.52991	-0.58356	25.7	null	null	13113	60
2026-05-27T14:31:06.463	WT901BLE68(F3:F0:16:BF:DC:AE)	0.927	-0.308	0.161	-0.122	-1.038	1.709	-59.10	-69.51	135.35	19.740	5.080	-32.920	-0.55173	-0.27225	0.52991	-0.58356	25.7	null	null	13113	60
2026-05-27T14:31:06.583	WT901BLE68(F3:F0:16:BF:DC:AE)	0.970	-0.260	0.144	-1.770	-4.639	0.427	-59.78	-69.55	136.18	17.133	6.433	-38.553	-0.55173	-0.27225	0.52991	-0.58356	25.7	null	null	13113	60
2026-05-27T14:31:06.672	WT901BLE68(F3:F0:16:BF:DC:AE)	0.933	-0.337	0.151	-0.183	-8.911	-2.014	-61.80	-70.00	137.94	17.133	6.433	-38.553	-0.55173	-0.27225	0.52991	-0.58356	25.7	null	null	13113	60
2026-05-27T14:31:06.791	WT901BLE68(F3:F0:16:BF:DC:AE)	0.962	-0.286	0.144	-4.089	-15.137	-5.554	-64.75	-70.83	140.93	17.133	6.433	-38.553	-0.52600	-0.31015	0.57043	-0.54919	25.7	null	null	13113	60
2026-05-27T14:31:06.885	WT901BLE68(F3:F0:16:BF:DC:AE)	0.967	-0.303	0.113	-5.310	-12.329	-5.920	-68.13	-71.94	143.90	17.133	6.433	-38.553	-0.52600	-0.31015	0.57043	-0.54919	25.7	null	null	13113	60
2026-05-27T14:31:07.001	WT901BLE68(F3:F0:16:BF:DC:AE)	0.980	-0.268	0.068	-7.080	-13.672	-7.629	-71.33	-72.93	146.50	17.133	6.433	-38.553	-0.52600	-0.31015	0.57043	-0.54919	25.7	null	null	13113	60
2026-05-27T14:31:07.063	WT901BLE68(F3:F0:16:BF:DC:AE)	0.938	-0.299	0.044	-12.024	-13.794	-8.301	-75.25	-74.09	149.46	17.133	6.433	-38.553	-0.52600	-0.31015	0.57043	-0.54919	25.7	null	null	13113	60
2026-05-27T14:31:07.182	WT901BLE68(F3:F0:16:BF:DC:AE)	0.978	-0.277	0.044	-2.136	-13.672	-9.094	-80.12	-75.21	153.83	17.133	6.433	-38.553	-0.52600	-0.31015	0.57043	-0.54919	25.7	null	null	13113	60
2026-05-27T14:31:07.272	WT901BLE68(F3:F0:16:BF:DC:AE)	0.964	-0.219	-0.024	-2.808	-6.104	-8.118	-82.88	-76.11	156.67	17.133	6.433	-38.553	-0.52600	-0.31015	0.57043	-0.54919	25.7	null	null	13113	60
2026-05-27T14:31:07.392	WT901BLE68(F3:F0:16:BF:DC:AE)	0.977	-0.179	-0.027	1.587	-2.625	-10.315	-83.98	-76.88	157.94	17.133	6.433	-38.553	-0.52600	-0.31015	0.57043	-0.54919	25.7	null	null	13113	60
2026-05-27T14:31:07.483	WT901BLE68(F3:F0:16:BF:DC:AE)	0.948	-0.198	-0.035	0.244	-3.052	-7.813	-84.98	-77.91	159.03	11.693	11.473	-43.480	-0.52600	-0.31015	0.57043	-0.54919	25.7	null	null	13113	60
2026-05-27T14:31:07.600	WT901BLE68(F3:F0:16:BF:DC:AE)	0.962	-0.161	0.006	-1.343	-2.319	-9.583	-86.31	-78.79	160.26	11.693	11.473	-43.480	-0.52600	-0.31015	0.57043	-0.54919	25.7	null	null	13113	60
2026-05-27T14:31:07.662	WT901BLE68(F3:F0:16:BF:DC:AE)	0.978	-0.157	0.015	-4.944	-1.709	-9.766	-87.76	-79.80	161.25	11.693	11.473	-43.480	-0.52670	-0.36777	0.60007	-0.47656	25.7	null	null	13113	60
2026-05-27T14:31:07.782	WT901BLE68(F3:F0:16:BF:DC:AE)	0.990	-0.129	-0.018	-9.216	-3.906	-10.010	-89.51	-80.83	162.30	11.693	11.473	-43.480	-0.52670	-0.36777	0.60007	-0.47656	25.7	null	null	13113	60
2026-05-27T14:31:07.872	WT901BLE68(F3:F0:16:BF:DC:AE)	0.989	-0.081	-0.015	-16.968	1.343	-4.272	-92.86	-81.77	164.54	11.693	11.473	-43.480	-0.52670	-0.36777	0.60007	-0.47656	25.7	null	null	13113	60
2026-05-27T14:31:07.994	WT901BLE68(F3:F0:16:BF:DC:AE)	0.985	-0.117	-0.024	-17.761	-0.549	-3.662	-96.57	-82.29	166.21	11.693	11.473	-43.480	-0.52670	-0.36777	0.60007	-0.47656	25.7	null	null	13113	60
2026-05-27T14:31:08.081	WT901BLE68(F3:F0:16:BF:DC:AE)	0.985	-0.074	-0.031	-7.202	-1.709	-7.202	-99.64	-82.81	167.98	11.693	11.473	-43.480	-0.52670	-0.36777	0.60007	-0.47656	25.7	null	null	13113	60
2026-05-27T14:31:08.204	WT901BLE68(F3:F0:16:BF:DC:AE)	0.969	-0.076	-0.056	-13.855	-4.883	-5.432	-102.67	-83.37	169.85	11.693	11.473	-43.480	-0.52670	-0.36777	0.60007	-0.47656	25.7	null	null	13113	60
2026-05-27T14:31:08.270	WT901BLE68(F3:F0:16:BF:DC:AE)	0.997	-0.082	-0.021	-5.859	-8.301	-8.728	-110.83	-83.88	177.12	11.693	11.473	-43.480	-0.52670	-0.36777	0.60007	-0.47656	25.7	null	null	13113	60
2026-05-27T14:31:08.412	WT901BLE68(F3:F0:16:BF:DC:AE)	1.002	-0.070	-0.053	11.108	-7.080	-9.033	-120.70	-84.28	-172.95	7.887	19.267	-42.820	-0.52670	-0.36777	0.60007	-0.47656	25.7	null	null	13113	60
2026-05-27T14:31:08.474	WT901BLE68(F3:F0:16:BF:DC:AE)	1.021	-0.050	0.006	17.578	-0.854	-3.662	-127.63	-84.66	-164.66	7.887	19.267	-42.820	-0.52670	-0.36777	0.60007	-0.47656	25.7	null	null	13113	60
2026-05-27T14:31:08.591	WT901BLE68(F3:F0:16:BF:DC:AE)	0.993	-0.029	-0.097	2.686	-6.409	-0.427	-129.46	-84.66	-162.13	7.887	19.267	-42.820	-0.55463	-0.38464	0.61667	-0.40503	25.7	null	null	13113	60
2026-05-27T14:31:08.685	WT901BLE68(F3:F0:16:BF:DC:AE)	1.010	-0.063	-0.052	16.296	-14.771	-2.502	-139.41	-84.08	-151.32	7.887	19.267	-42.820	-0.55463	-0.38464	0.61667	-0.40503	25.7	null	null	13113	60
2026-05-27T14:31:08.803	WT901BLE68(F3:F0:16:BF:DC:AE)	0.993	-0.052	-0.091	13.794	-19.775	-0.549	-148.17	-82.89	-141.10	7.887	19.267	-42.820	-0.55463	-0.38464	0.61667	-0.40503	25.7	null	null	13113	60
2026-05-27T14:31:08.894	WT901BLE68(F3:F0:16:BF:DC:AE)	0.969	-0.027	-0.136	7.629	-20.691	3.601	-153.60	-81.23	-134.80	7.887	19.267	-42.820	-0.55463	-0.38464	0.61667	-0.40503	25.7	null	null	13113	60
2026-05-27T14:31:09.011	WT901BLE68(F3:F0:16:BF:DC:AE)	0.968	-0.049	-0.198	1.587	-21.973	5.188	-155.84	-79.30	-132.35	7.887	19.267	-42.820	-0.55463	-0.38464	0.61667	-0.40503	25.7	null	null	13113	60
2026-05-27T14:31:09.072	WT901BLE68(F3:F0:16:BF:DC:AE)	0.968	-0.083	-0.219	3.784	-14.282	8.423	-156.95	-77.38	-131.03	7.887	19.267	-42.820	-0.55463	-0.38464	0.61667	-0.40503	25.7	null	null	13113	60
2026-05-27T14:31:09.193	WT901BLE68(F3:F0:16:BF:DC:AE)	0.972	-0.128	-0.263	-2.747	-13.916	8.301	-158.07	-75.40	-130.01	7.887	19.267	-42.820	-0.55463	-0.38464	0.61667	-0.40503	25.7	null	null	13113	60
2026-05-27T14:31:09.280	WT901BLE68(F3:F0:16:BF:DC:AE)	0.951	-0.126	-0.294	10.254	-13.611	1.160	-158.04	-73.92	-129.62	2.127	16.573	-53.093	-0.55463	-0.38464	0.61667	-0.40503	25.7	null	null	13113	60
2026-05-27T14:31:09.400	WT901BLE68(F3:F0:16:BF:DC:AE)	0.941	-0.124	-0.313	9.460	-9.033	1.831	-157.22	-72.93	-129.40	2.127	16.573	-53.093	-0.55463	-0.38464	0.61667	-0.40503	25.7	null	null	13113	60
2026-05-27T14:31:09.492	WT901BLE68(F3:F0:16:BF:DC:AE)	0.929	-0.115	-0.322	10.132	-5.676	2.747	-156.21	-72.16	-129.27	2.127	16.573	-53.093	-0.45477	-0.44562	0.66275	-0.39401	25.7	null	null	13113	60
2026-05-27T14:31:09.614	WT901BLE68(F3:F0:16:BF:DC:AE)	0.950	-0.140	-0.304	8.301	-4.272	3.052	-155.62	-71.47	-128.89	2.127	16.573	-53.093	-0.45477	-0.44562	0.66275	-0.39401	25.7	null	null	13113	60
2026-05-27T14:31:09.673	WT901BLE68(F3:F0:16:BF:DC:AE)	0.947	-0.148	-0.319	6.409	-4.211	1.587	-155.43	-70.81	-128.45	2.127	16.573	-53.093	-0.45477	-0.44562	0.66275	-0.39401	25.7	null	null	13113	60
2026-05-27T14:31:09.825	WT901BLE68(F3:F0:16:BF:DC:AE)	0.931	-0.129	-0.330	-1.404	-0.793	1.953	-155.06	-70.47	-128.64	2.127	16.573	-53.093	-0.45477	-0.44562	0.66275	-0.39401	25.7	null	null	13113	60
2026-05-27T14:31:09.883	WT901BLE68(F3:F0:16:BF:DC:AE)	0.927	-0.183	-0.342	-4.944	-0.793	0.061	-155.17	-70.32	-129.34	2.127	16.573	-53.093	-0.45477	-0.44562	0.66275	-0.39401	25.7	null	null	13113	60
2026-05-27T14:31:10.004	WT901BLE68(F3:F0:16:BF:DC:AE)	0.916	-0.150	-0.338	-3.784	0.549	-3.052	-155.43	-70.39	-129.33	2.127	16.573	-53.093	-0.45477	-0.44562	0.66275	-0.39401	25.7	null	null	13113	60
2026-05-27T14:31:10.092	WT901BLE68(F3:F0:16:BF:DC:AE)	0.939	-0.173	-0.319	-2.075	0.244	-5.249	-156.68	-70.54	-128.25	2.127	16.573	-53.093	-0.45477	-0.44562	0.66275	-0.39401	25.7	null	null	13113	60
2026-05-27T14:31:10.215	WT901BLE68(F3:F0:16:BF:DC:AE)	0.928	-0.136	-0.340	-7.751	4.944	-6.042	-158.03	-70.80	-127.38	-0.087	13.640	-57.307	-0.45477	-0.44562	0.66275	-0.39401	25.7	null	null	13113	60
2026-05-27T14:31:10.301	WT901BLE68(F3:F0:16:BF:DC:AE)	0.949	-0.136	-0.298	-12.939	7.751	-7.874	-160.38	-71.54	-126.11	-0.087	13.640	-57.307	-0.45477	-0.44562	0.66275	-0.39401	25.7	null	null	13113	60
2026-05-27T14:31:10.424	WT901BLE68(F3:F0:16:BF:DC:AE)	0.955	-0.117	-0.265	-5.371	10.986	-9.705	-162.51	-72.54	-124.74	-0.087	13.640	-57.307	-0.45441	-0.45001	0.66696	-0.38214	25.7	null	null	13113	60
2026-05-27T14:31:10.482	WT901BLE68(F3:F0:16:BF:DC:AE)	0.952	-0.051	-0.259	-9.216	10.986	-8.362	-164.68	-73.91	-123.38	-0.087	13.640	-57.307	-0.45441	-0.45001	0.66696	-0.38214	25.7	null	null	13113	60
2026-05-27T14:31:10.603	WT901BLE68(F3:F0:16:BF:DC:AE)	0.974	-0.041	-0.242	0.977	13.367	-9.460	-166.93	-75.32	-121.51	-0.087	13.640	-57.307	-0.45441	-0.45001	0.66696	-0.38214	25.7	null	null	13113	60
2026-05-27T14:31:10.693	WT901BLE68(F3:F0:16:BF:DC:AE)	0.969	0.013	-0.221	-7.141	15.320	-4.211	-168.78	-76.87	-119.88	-0.087	13.640	-57.307	-0.45441	-0.45001	0.66696	-0.38214	25.7	null	null	13113	60
2026-05-27T14:31:10.814	WT901BLE68(F3:F0:16:BF:DC:AE)	0.978	-0.025	-0.207	-8.118	14.954	-3.174	-170.44	-78.29	-119.37	-0.087	13.640	-57.307	-0.45441	-0.45001	0.66696	-0.38214	25.7	null	null	13113	60
2026-05-27T14:31:10.906	WT901BLE68(F3:F0:16:BF:DC:AE)	0.988	-0.001	-0.159	-0.793	14.099	-3.479	-171.80	-79.72	-118.50	-0.087	13.640	-57.307	-0.45441	-0.45001	0.66696	-0.38214	25.7	null	null	13113	60
2026-05-27T14:31:11.023	WT901BLE68(F3:F0:16:BF:DC:AE)	1.012	0.003	-0.148	-4.761	15.564	-0.916	-172.87	-81.01	-118.09	-0.087	13.640	-57.307	-0.45441	-0.45001	0.66696	-0.38214	25.7	null	null	13113	60
2026-05-27T14:31:11.081	WT901BLE68(F3:F0:16:BF:DC:AE)	0.981	-0.001	-0.138	-6.714	16.541	0.732	-172.34	-82.64	-119.52	3.440	21.180	-47.793	-0.45441	-0.45001	0.66696	-0.38214	25.7	null	null	13113	60
2026-05-27T14:31:11.235	WT901BLE68(F3:F0:16:BF:DC:AE)	0.990	0.015	-0.134	-5.737	11.597	0.305	-171.58	-83.91	-121.01	3.440	21.180	-47.793	-0.45441	-0.45001	0.66696	-0.38214	25.7	null	null	13113	60
2026-05-27T14:31:11.293	WT901BLE68(F3:F0:16:BF:DC:AE)	0.980	0.007	-0.129	0.000	3.662	-3.296	-173.22	-84.57	-119.79	3.440	21.180	-47.793	-0.55768	-0.40494	0.61966	-0.37543	25.7	null	null	13113	60
2026-05-27T14:31:11.411	WT901BLE68(F3:F0:16:BF:DC:AE)	0.989	0.013	-0.085	-1.770	-1.282	-4.028	-178.07	-84.58	-115.04	3.440	21.180	-47.793	-0.55768	-0.40494	0.61966	-0.37543	25.7	null	null	13113	60
2026-05-27T14:31:11.505	WT901BLE68(F3:F0:16:BF:DC:AE)	1.006	0.008	-0.074	-4.272	-0.549	-2.747	178.04	-84.50	-111.70	3.440	21.180	-47.793	-0.55768	-0.40494	0.61966	-0.37543	25.7	null	null	13113	60
2026-05-27T14:31:11.622	WT901BLE68(F3:F0:16:BF:DC:AE)	1.010	0.009	-0.063	-2.686	2.258	-1.160	175.51	-84.62	-109.63	3.440	21.180	-47.793	-0.55768	-0.40494	0.61966	-0.37543	25.7	null	null	13113	60
2026-05-27T14:31:11.713	WT901BLE68(F3:F0:16:BF:DC:AE)	0.990	0.017	-0.078	-1.953	2.625	-0.244	174.35	-84.95	-108.83	3.440	21.180	-47.793	-0.55768	-0.40494	0.61966	-0.37543	25.7	null	null	13113	60
