time	DeviceName	AccX(g)	AccY(g)	AccZ(g)	AsX(°/s)	AsY(°/s)	AsZ(°/s)	AngleX(°)	AngleY(°)	AngleZ(°)	HX(uT)	HY(uT)	HZ(uT)	Q0()	Q1()	Q2()	Q3()	Temperature(°C)	Height(m)	Pressure(kPa)	Version()	Battery level(%)
2026-05-27T14:21:17.979	WT901BLE68(F3:F0:16:BF:DC:AE)	0.713	-0.625	0.582	-21.851	29.602	45.044	-50.39	-43.96	145.17	25.080	-10.273	-28.900	-0.42310	-0.24014	0.47510	-0.73315	25.9	null	null	13113	75
2026-05-27T14:21:18.099	WT901BLE68(F3:F0:16:BF:DC:AE)	0.646	-0.735	0.792	24.780	45.166	59.265	-49.88	-37.86	145.93	25.080	-10.273	-28.900	-0.42310	-0.24014	0.47510	-0.73315	25.9	null	null	13113	75
2026-05-27T14:21:18.159	WT901BLE68(F3:F0:16:BF:DC:AE)	0.459	-0.801	0.832	27.466	98.755	81.299	-47.05	-27.45	145.17	25.080	-10.273	-28.900	-0.42310	-0.24014	0.47510	-0.73315	25.9	null	null	13113	75
2026-05-27T14:21:18.281	WT901BLE68(F3:F0:16:BF:DC:AE)	0.226	-0.644	0.852	61.218	124.146	76.660	-41.18	-13.63	143.92	25.080	-10.273	-28.900	-0.42310	-0.24014	0.47510	-0.73315	25.9	null	null	13113	75
2026-05-27T14:21:18.368	WT901BLE68(F3:F0:16:BF:DC:AE)	-0.126	-0.412	0.532	58.960	60.425	24.719	-35.62	-3.55	143.83	25.080	-10.273	-28.900	-0.42310	-0.24014	0.47510	-0.73315	25.9	null	null	13113	75
2026-05-27T14:21:18.489	WT901BLE68(F3:F0:16:BF:DC:AE)	0.251	-0.410	0.628	47.119	-20.203	-36.926	-29.05	-3.60	143.79	25.080	-10.273	-28.900	-0.42310	-0.24014	0.47510	-0.73315	25.9	null	null	13113	75
2026-05-27T14:21:18.579	WT901BLE68(F3:F0:16:BF:DC:AE)	0.553	-0.430	0.742	7.813	-14.648	-7.935	-25.52	-7.73	145.55	4.067	-29.867	16.833	-0.42310	-0.24014	0.47510	-0.73315	25.9	null	null	13113	75
2026-05-27T14:21:18.697	WT901BLE68(F3:F0:16:BF:DC:AE)	0.400	-0.344	0.740	-27.222	31.860	38.513	-26.54	-6.96	150.19	4.067	-29.867	16.833	-0.42310	-0.24014	0.47510	-0.73315	25.9	null	null	13113	75
2026-05-27T14:21:18.760	WT901BLE68(F3:F0:16:BF:DC:AE)	0.075	-0.378	0.721	-25.146	13.245	21.667	-29.39	-4.26	155.00	4.067	-29.867	16.833	-0.23883	0.01355	0.24686	-0.93903	25.9	null	null	13113	75
2026-05-27T14:21:18.880	WT901BLE68(F3:F0:16:BF:DC:AE)	-0.058	-0.475	0.839	-13.733	-29.663	0.732	-31.78	-5.09	158.51	4.067	-29.867	16.833	-0.23883	0.01355	0.24686	-0.93903	25.9	null	null	13113	75
2026-05-27T14:21:18.969	WT901BLE68(F3:F0:16:BF:DC:AE)	-0.045	-0.524	0.981	-12.451	-30.823	-15.808	-33.29	-7.87	160.53	4.067	-29.867	16.833	-0.23883	0.01355	0.24686	-0.93903	25.9	null	null	13113	75
2026-05-27T14:21:19.089	WT901BLE68(F3:F0:16:BF:DC:AE)	-0.007	-0.524	0.954	0.671	-18.616	-25.146	-33.68	-10.39	160.51	4.067	-29.867	16.833	-0.23883	0.01355	0.24686	-0.93903	25.9	null	null	13113	75
2026-05-27T14:21:19.181	WT901BLE68(F3:F0:16:BF:DC:AE)	-0.074	-0.570	1.063	8.484	5.371	-29.419	-32.85	-11.67	158.72	4.067	-29.867	16.833	-0.23883	0.01355	0.24686	-0.93903	25.9	null	null	13113	75
2026-05-27T14:21:19.302	WT901BLE68(F3:F0:16:BF:DC:AE)	-0.121	-0.726	1.063	22.278	34.546	-12.817	-31.18	-10.17	155.55	4.067	-29.867	16.833	-0.23883	0.01355	0.24686	-0.93903	25.9	null	null	13113	75
2026-05-27T14:21:19.389	WT901BLE68(F3:F0:16:BF:DC:AE)	-0.058	-0.496	0.762	18.188	25.696	-7.202	-27.97	-6.81	153.22	4.067	-29.867	16.833	-0.23883	0.01355	0.24686	-0.93903	25.9	null	null	13113	75
2026-05-27T14:21:19.508	WT901BLE68(F3:F0:16:BF:DC:AE)	0.261	-0.389	0.764	10.193	4.089	-7.263	-25.39	-6.03	152.52	4.867	-27.680	15.787	-0.23883	0.01355	0.24686	-0.93903	25.9	null	null	13113	75
2026-05-27T14:21:19.573	WT901BLE68(F3:F0:16:BF:DC:AE)	0.495	-0.347	0.665	-10.132	8.118	11.169	-25.22	-6.56	154.59	4.867	-27.680	15.787	-0.23883	0.01355	0.24686	-0.93903	25.9	null	null	13113	75
2026-05-27T14:21:19.688	WT901BLE68(F3:F0:16:BF:DC:AE)	0.240	-0.453	0.626	-34.546	-4.089	16.052	-28.98	-6.40	158.37	4.867	-27.680	15.787	-0.21353	-0.00406	0.23770	-0.94751	25.9	null	null	13113	75
2026-05-27T14:21:19.787	WT901BLE68(F3:F0:16:BF:DC:AE)	-0.095	-0.523	0.963	-18.921	-27.039	-0.244	-31.54	-8.26	162.01	4.867	-27.680	15.787	-0.21353	-0.00406	0.23770	-0.94751	25.9	null	null	13113	75
2026-05-27T14:21:19.902	WT901BLE68(F3:F0:16:BF:DC:AE)	-0.197	-0.570	1.237	10.376	-9.583	0.244	-31.73	-9.73	162.82	4.867	-27.680	15.787	-0.21353	-0.00406	0.23770	-0.94751	25.9	null	null	13113	75
2026-05-27T14:21:19.992	WT901BLE68(F3:F0:16:BF:DC:AE)	-0.087	-0.564	1.088	28.992	39.124	19.043	-29.18	-6.41	162.28	4.867	-27.680	15.787	-0.21353	-0.00406	0.23770	-0.94751	25.9	null	null	13113	75
2026-05-27T14:21:20.111	WT901BLE68(F3:F0:16:BF:DC:AE)	0.028	-0.395	0.813	39.917	42.480	19.043	-25.41	-0.88	162.32	4.867	-27.680	15.787	-0.21353	-0.00406	0.23770	-0.94751	25.9	null	null	13113	75
2026-05-27T14:21:20.170	WT901BLE68(F3:F0:16:BF:DC:AE)	0.065	-0.215	0.656	24.719	-10.376	-14.954	-22.86	0.43	162.45	4.867	-27.680	15.787	-0.21353	-0.00406	0.23770	-0.94751	25.9	null	null	13113	75
2026-05-27T14:21:20.294	WT901BLE68(F3:F0:16:BF:DC:AE)	0.473	-0.482	0.958	14.893	-20.325	-3.357	-22.43	-2.75	163.57	4.867	-27.680	15.787	-0.21353	-0.00406	0.23770	-0.94751	25.9	null	null	13113	75
2026-05-27T14:21:20.379	WT901BLE68(F3:F0:16:BF:DC:AE)	0.206	-0.460	0.884	-26.672	17.456	19.470	-24.39	-2.47	166.80	1.327	-26.680	19.480	-0.21353	-0.00406	0.23770	-0.94751	25.9	null	null	13113	75
2026-05-27T14:21:20.504	WT901BLE68(F3:F0:16:BF:DC:AE)	-0.247	-0.450	0.918	-25.024	18.311	24.719	-27.36	-0.11	169.78	1.327	-26.680	19.480	-0.21353	-0.00406	0.23770	-0.94751	25.9	null	null	13113	75
2026-05-27T14:21:20.592	WT901BLE68(F3:F0:16:BF:DC:AE)	-0.533	-0.327	0.997	8.484	0.549	13.611	-27.83	1.71	170.93	1.327	-26.680	19.480	-0.07584	0.03036	0.24112	-0.96701	25.9	null	null	13113	75
2026-05-27T14:21:20.712	WT901BLE68(F3:F0:16:BF:DC:AE)	-0.412	-0.301	0.958	34.729	8.728	2.075	-24.58	3.44	170.85	1.327	-26.680	19.480	-0.07584	0.03036	0.24112	-0.96701	25.9	null	null	13113	75
2026-05-27T14:21:20.801	WT901BLE68(F3:F0:16:BF:DC:AE)	-0.060	-0.421	0.906	30.518	-1.526	-8.240	-21.15	4.74	169.74	1.327	-26.680	19.480	-0.07584	0.03036	0.24112	-0.96701	25.9	null	null	13113	75
2026-05-27T14:21:20.923	WT901BLE68(F3:F0:16:BF:DC:AE)	0.329	-0.504	0.902	9.888	-15.564	-8.179	-20.22	3.14	169.04	1.327	-26.680	19.480	-0.07584	0.03036	0.24112	-0.96701	25.9	null	null	13113	75
2026-05-27T14:21:21.013	WT901BLE68(F3:F0:16:BF:DC:AE)	0.150	-0.456	0.887	-22.339	10.071	16.968	-21.13	2.40	171.25	1.327	-26.680	19.480	-0.07584	0.03036	0.24112	-0.96701	25.9	null	null	13113	75
2026-05-27T14:21:21.100	WT901BLE68(F3:F0:16:BF:DC:AE)	-0.086	-0.435	0.935	-26.672	11.047	18.250	-23.47	3.10	174.19	1.327	-26.680	19.480	-0.07584	0.03036	0.24112	-0.96701	25.9	null	null	13113	75
2026-05-27T14:21:21.192	WT901BLE68(F3:F0:16:BF:DC:AE)	-0.336	-0.344	0.936	4.883	6.042	9.338	-25.39	4.43	175.55	1.327	-26.680	19.480	-0.07584	0.03036	0.24112	-0.96701	25.9	null	null	13113	75
2026-05-27T14:21:21.309	WT901BLE68(F3:F0:16:BF:DC:AE)	-0.457	-0.252	0.980	20.813	-1.953	1.953	-24.76	5.30	175.88	-3.373	-31.847	20.660	-0.07584	0.03036	0.24112	-0.96701	25.9	null	null	13113	75
2026-05-27T14:21:21.403	WT901BLE68(F3:F0:16:BF:DC:AE)	-0.321	-0.298	0.879	34.302	-10.559	-15.198	-22.41	5.47	174.73	-3.373	-31.847	20.660	-0.07584	0.03036	0.24112	-0.96701	25.9	null	null	13113	75
2026-05-27T14:21:21.521	WT901BLE68(F3:F0:16:BF:DC:AE)	-0.065	-0.247	0.794	28.992	-41.870	-42.175	-19.25	3.07	172.28	-3.373	-31.847	20.660	-0.05045	0.04767	0.17361	-0.98233	25.9	null	null	13113	75
2026-05-27T14:21:21.580	WT901BLE68(F3:F0:16:BF:DC:AE)	0.283	-0.381	0.754	18.860	-34.058	-21.362	-18.23	-1.89	169.60	-3.373	-31.847	20.660	-0.05045	0.04767	0.17361	-0.98233	25.9	null	null	13113	75
2026-05-27T14:21:21.703	WT901BLE68(F3:F0:16:BF:DC:AE)	0.301	-0.524	0.861	-39.185	19.470	12.146	-20.49	-3.11	169.65	-3.373	-31.847	20.660	-0.05045	0.04767	0.17361	-0.98233	25.9	null	null	13113	75
2026-05-27T14:21:21.790	WT901BLE68(F3:F0:16:BF:DC:AE)	-0.018	-0.482	0.903	-23.071	14.587	19.348	-24.87	-1.33	171.28	-3.373	-31.847	20.660	-0.05045	0.04767	0.17361	-0.98233	25.9	null	null	13113	75
2026-05-27T14:21:21.913	WT901BLE68(F3:F0:16:BF:DC:AE)	-0.117	-0.457	0.989	-13.916	10.071	14.160	-26.20	0.15	172.60	-3.373	-31.847	20.660	-0.05045	0.04767	0.17361	-0.98233	25.9	null	null	13113	75
2026-05-27T14:21:22.001	WT901BLE68(F3:F0:16:BF:DC:AE)	-0.173	-0.499	1.133	9.521	20.569	24.170	-26.38	2.15	173.64	-3.373	-31.847	20.660	-0.05045	0.04767	0.17361	-0.98233	25.9	null	null	13113	75
2026-05-27T14:21:22.125	WT901BLE68(F3:F0:16:BF:DC:AE)	-0.329	-0.397	1.045	27.588	25.269	20.142	-24.88	5.61	174.47	-3.373	-31.847	20.660	-0.05045	0.04767	0.17361	-0.98233	25.9	null	null	13113	75
2026-05-27T14:21:22.212	WT901BLE68(F3:F0:16:BF:DC:AE)	-0.338	-0.229	0.843	30.518	3.418	-8.301	-22.10	7.83	174.14	-2.680	-29.887	20.620	-0.05045	0.04767	0.17361	-0.98233	25.9	null	null	13113	75
2026-05-27T14:21:22.333	WT901BLE68(F3:F0:16:BF:DC:AE)	-0.141	-0.293	0.734	27.405	-20.874	-18.860	-19.53	6.82	172.37	-2.680	-29.887	20.620	-0.05045	0.04767	0.17361	-0.98233	25.9	null	null	13113	75
2026-05-27T14:21:22.390	WT901BLE68(F3:F0:16:BF:DC:AE)	0.135	-0.392	0.827	-0.122	-30.212	-29.114	-18.98	3.60	170.55	-2.680	-29.887	20.620	-0.06674	0.05734	0.15808	-0.98346	25.9	null	null	13113	75
2026-05-27T14:21:22.514	WT901BLE68(F3:F0:16:BF:DC:AE)	0.320	-0.459	0.976	-10.010	-4.883	4.272	-19.97	0.77	170.72	-2.680	-29.887	20.620	-0.06674	0.05734	0.15808	-0.98346	25.9	null	null	13113	75
2026-05-27T14:21:22.603	WT901BLE68(F3:F0:16:BF:DC:AE)	0.009	-0.310	0.880	-17.883	2.808	19.897	-21.56	0.95	173.24	-2.680	-29.887	20.620	-0.06674	0.05734	0.15808	-0.98346	25.9	null	null	13113	75
2026-05-27T14:21:22.720	WT901BLE68(F3:F0:16:BF:DC:AE)	-0.104	-0.301	0.958	-13.000	-7.263	8.240	-22.50	1.03	175.04	-2.680	-29.887	20.620	-0.06674	0.05734	0.15808	-0.98346	25.9	null	null	13113	75
2026-05-27T14:21:22.813	WT901BLE68(F3:F0:16:BF:DC:AE)	-0.103	-0.226	0.967	-3.967	-5.005	-10.559	-22.51	0.36	175.12	-2.680	-29.887	20.620	-0.06674	0.05734	0.15808	-0.98346	25.9	null	null	13113	75
2026-05-27T14:21:22.932	WT901BLE68(F3:F0:16:BF:DC:AE)	-0.169	-0.296	0.910	0.793	-14.099	-36.072	-22.30	-1.09	172.75	-2.680	-29.887	20.620	-0.06674	0.05734	0.15808	-0.98346	25.9	null	null	13113	75
2026-05-27T14:21:22.991	WT901BLE68(F3:F0:16:BF:DC:AE)	-0.103	-0.459	1.014	1.953	-9.338	-36.743	-21.71	-3.22	168.87	-2.680	-29.887	20.620	-0.06674	0.05734	0.15808	-0.98346	25.9	null	null	13113	75
2026-05-27T14:21:23.110	WT901BLE68(F3:F0:16:BF:DC:AE)	-0.046	-0.422	1.116	8.057	-13.611	-41.077	-21.08	-4.88	164.89	-2.680	-29.887	20.620	-0.06674	0.05734	0.15808	-0.98346	25.9	null	null	13113	75
2026-05-27T14:21:23.198	WT901BLE68(F3:F0:16:BF:DC:AE)	0.187	-0.252	0.924	-3.784	-13.062	-34.058	-20.55	-7.38	160.81	7.267	-20.080	15.080	-0.06674	0.05734	0.15808	-0.98346	25.9	null	null	13113	75
2026-05-27T14:21:23.320	WT901BLE68(F3:F0:16:BF:DC:AE)	0.418	-0.480	0.776	-32.959	-25.940	-57.861	-21.62	-10.69	155.67	7.267	-20.080	15.080	-0.19650	-0.03928	0.19000	-0.96106	25.9	null	null	13113	75
2026-05-27T14:21:23.412	WT901BLE68(F3:F0:16:BF:DC:AE)	0.505	-0.608	0.686	2.625	-30.945	-6.165	-22.63	-14.88	153.24	7.267	-20.080	15.080	-0.19650	-0.03928	0.19000	-0.96106	25.9	null	null	13113	75
2026-05-27T14:21:23.531	WT901BLE68(F3:F0:16:BF:DC:AE)	0.344	-0.456	0.749	-7.141	-38.696	16.113	-23.95	-18.10	154.45	7.267	-20.080	15.080	-0.19650	-0.03928	0.19000	-0.96106	25.9	null	null	13113	75
2026-05-27T14:21:23.624	WT901BLE68(F3:F0:16:BF:DC:AE)	0.414	-0.422	0.946	-13.733	-35.156	23.010	-26.39	-21.02	156.86	7.267	-20.080	15.080	-0.19650	-0.03928	0.19000	-0.96106	25.9	null	null	13113	75
2026-05-27T14:21:23.742	WT901BLE68(F3:F0:16:BF:DC:AE)	0.344	-0.435	1.073	-21.729	-3.296	22.400	-28.87	-21.46	158.69	7.267	-20.080	15.080	-0.19650	-0.03928	0.19000	-0.96106	25.9	null	null	13113	75
2026-05-27T14:21:23.799	WT901BLE68(F3:F0:16:BF:DC:AE)	0.230	-0.481	1.037	-3.296	18.921	19.043	-29.79	-19.48	158.74	7.267	-20.080	15.080	-0.19650	-0.03928	0.19000	-0.96106	25.9	null	null	13113	75
2026-05-27T14:21:23.924	WT901BLE68(F3:F0:16:BF:DC:AE)	0.114	-0.323	0.961	-0.061	15.625	-2.563	-28.75	-17.39	157.47	7.267	-20.080	15.080	-0.19650	-0.03928	0.19000	-0.96106	25.9	null	null	13113	75
2026-05-27T14:21:24.010	WT901BLE68(F3:F0:16:BF:DC:AE)	0.151	-0.394	0.835	4.211	-10.620	-25.208	-27.16	-17.53	154.55	16.687	-18.507	2.967	-0.19650	-0.03928	0.19000	-0.96106	25.9	null	null	13113	75
2026-05-27T14:21:24.133	WT901BLE68(F3:F0:16:BF:DC:AE)	0.304	-0.331	0.744	7.202	-30.457	-38.757	-24.62	-20.53	151.22	16.687	-18.507	2.967	-0.19650	-0.03928	0.19000	-0.96106	25.9	null	null	13113	75
2026-05-27T14:21:24.221	WT901BLE68(F3:F0:16:BF:DC:AE)	0.533	-0.347	0.679	-2.014	-28.320	-48.767	-22.10	-24.85	146.65	16.687	-18.507	2.967	-0.29184	-0.13126	0.24234	-0.91583	25.9	null	null	13113	75
2026-05-27T14:21:24.344	WT901BLE68(F3:F0:16:BF:DC:AE)	0.653	-0.315	0.668	12.634	-31.921	-31.494	-19.70	-29.33	141.67	16.687	-18.507	2.967	-0.29184	-0.13126	0.24234	-0.91583	25.9	null	null	13113	75
2026-05-27T14:21:24.401	WT901BLE68(F3:F0:16:BF:DC:AE)	0.796	-0.334	0.775	-6.836	-13.123	4.822	-19.40	-31.88	139.47	16.687	-18.507	2.967	-0.29184	-0.13126	0.24234	-0.91583	25.9	null	null	13113	75
2026-05-27T14:21:24.522	WT901BLE68(F3:F0:16:BF:DC:AE)	0.808	-0.377	0.886	-36.621	11.414	36.682	-22.98	-31.56	140.16	16.687	-18.507	2.967	-0.29184	-0.13126	0.24234	-0.91583	25.9	null	null	13113	75
2026-05-27T14:21:24.609	WT901BLE68(F3:F0:16:BF:DC:AE)	0.620	-0.514	0.692	-15.442	-3.052	62.378	-29.57	-28.99	143.67	16.687	-18.507	2.967	-0.29184	-0.13126	0.24234	-0.91583	25.9	null	null	13113	75
2026-05-27T14:21:24.731	WT901BLE68(F3:F0:16:BF:DC:AE)	0.251	-0.515	0.680	-9.277	-27.649	59.814	-34.99	-27.14	149.51	16.687	-18.507	2.967	-0.29184	-0.13126	0.24234	-0.91583	25.9	null	null	13113	75
2026-05-27T14:21:24.820	WT901BLE68(F3:F0:16:BF:DC:AE)	0.298	-0.421	0.710	-7.080	-46.570	36.682	-38.39	-27.38	155.88	16.687	-18.507	2.967	-0.29184	-0.13126	0.24234	-0.91583	25.9	null	null	13113	75
2026-05-27T14:21:24.938	WT901BLE68(F3:F0:16:BF:DC:AE)	0.457	-0.406	0.730	-0.305	-36.743	8.972	-40.11	-29.06	159.98	22.920	-22.867	-11.047	-0.29184	-0.13126	0.24234	-0.91583	25.9	null	null	13113	75
2026-05-27T14:21:25.030	WT901BLE68(F3:F0:16:BF:DC:AE)	0.496	-0.456	0.687	12.085	-35.339	-2.014	-39.89	-31.46	161.50	22.920	-22.867	-11.047	-0.29184	-0.13126	0.24234	-0.91583	25.9	null	null	13113	75
2026-05-27T14:21:25.149	WT901BLE68(F3:F0:16:BF:DC:AE)	0.532	-0.520	0.794	22.705	-12.390	3.479	-38.53	-33.04	162.20	22.920	-22.867	-11.047	-0.23523	-0.20813	0.36209	-0.87756	25.9	null	null	13113	75
2026-05-27T14:21:25.212	WT901BLE68(F3:F0:16:BF:DC:AE)	0.490	-0.403	0.752	27.649	-5.493	-7.751	-35.99	-33.43	161.31	22.920	-22.867	-11.047	-0.23523	-0.20813	0.36209	-0.87756	25.9	null	null	13113	75
2026-05-27T14:21:25.330	WT901BLE68(F3:F0:16:BF:DC:AE)	0.578	-0.353	0.673	11.597	-2.747	-23.804	-32.74	-34.60	158.57	22.920	-22.867	-11.047	-0.23523	-0.20813	0.36209	-0.87756	25.9	null	null	13113	75
2026-05-27T14:21:25.419	WT901BLE68(F3:F0:16:BF:DC:AE)	0.677	-0.590	0.260	28.137	-28.503	-29.175	-30.50	-37.73	155.00	22.920	-22.867	-11.047	-0.23523	-0.20813	0.36209	-0.87756	25.9	null	null	13113	75
2026-05-27T14:21:25.541	WT901BLE68(F3:F0:16:BF:DC:AE)	0.896	-0.385	0.577	-14.832	-13.855	-26.245	-29.92	-41.02	152.56	22.920	-22.867	-11.047	-0.23523	-0.20813	0.36209	-0.87756	25.9	null	null	13113	75
2026-05-27T14:21:25.628	WT901BLE68(F3:F0:16:BF:DC:AE)	0.854	-0.341	0.628	-39.429	7.874	-19.409	-31.89	-42.40	149.18	22.920	-22.867	-11.047	-0.23523	-0.20813	0.36209	-0.87756	25.9	null	null	13113	75
2026-05-27T14:21:25.749	WT901BLE68(F3:F0:16:BF:DC:AE)	0.794	-0.400	0.707	-23.743	18.066	-20.752	-32.74	-42.53	144.65	22.920	-22.867	-11.047	-0.23523	-0.20813	0.36209	-0.87756	25.9	null	null	13113	75
2026-05-27T14:21:25.809	WT901BLE68(F3:F0:16:BF:DC:AE)	0.683	-0.427	0.647	-36.865	27.832	-26.733	-33.10	-42.08	139.48	25.013	-10.387	-20.227	-0.23523	-0.20813	0.36209	-0.87756	25.9	null	null	13113	75
2026-05-27T14:21:25.927	WT901BLE68(F3:F0:16:BF:DC:AE)	0.664	-0.564	0.752	-31.738	58.533	-15.991	-33.07	-39.52	132.70	25.013	-10.387	-20.227	-0.23523	-0.20813	0.36209	-0.87756	25.9	null	null	13113	75
2026-05-27T14:21:26.019	WT901BLE68(F3:F0:16:BF:DC:AE)	0.490	-0.609	0.804	-1.160	78.735	-3.967	-30.48	-33.86	126.23	25.013	-10.387	-20.227	-0.47302	-0.15857	0.36429	-0.78632	25.9	null	null	13113	75
2026-05-27T14:21:26.141	WT901BLE68(F3:F0:16:BF:DC:AE)	0.314	-0.583	0.653	31.982	45.837	11.597	-27.72	-28.04	123.03	25.013	-10.387	-20.227	-0.47302	-0.15857	0.36429	-0.78632	25.9	null	null	13113	75
2026-05-27T14:21:26.232	WT901BLE68(F3:F0:16:BF:DC:AE)	0.249	-0.345	0.593	18.616	3.906	13.977	-25.66	-25.35	123.17	25.013	-10.387	-20.227	-0.47302	-0.15857	0.36429	-0.78632	25.9	null	null	13113	75
2026-05-27T14:21:26.352	WT901BLE68(F3:F0:16:BF:DC:AE)	0.386	-0.210	0.767	-5.310	-39.490	-15.503	-24.96	-26.87	123.67	25.013	-10.387	-20.227	-0.47302	-0.15857	0.36429	-0.78632	25.9	null	null	13113	75
2026-05-27T14:21:26.441	WT901BLE68(F3:F0:16:BF:DC:AE)	0.708	-0.091	0.499	1.892	-76.355	-50.659	-22.90	-33.17	122.35	25.013	-10.387	-20.227	-0.47302	-0.15857	0.36429	-0.78632	25.9	null	null	13113	75
2026-05-27T14:21:26.561	WT901BLE68(F3:F0:16:BF:DC:AE)	1.058	-0.360	0.551	4.761	-59.021	-28.015	-21.30	-42.33	119.24	25.013	-10.387	-20.227	-0.47302	-0.15857	0.36429	-0.78632	25.9	null	null	13113	75
2026-05-27T14:21:26.621	WT901BLE68(F3:F0:16:BF:DC:AE)	0.912	-0.351	0.606	-17.151	-9.277	32.043	-23.08	-45.62	120.58	25.013	-10.387	-20.227	-0.47302	-0.15857	0.36429	-0.78632	25.9	null	null	13113	75
2026-05-27T14:21:26.743	WT901BLE68(F3:F0:16:BF:DC:AE)	0.711	-0.274	0.638	-16.296	-32.410	14.771	-27.54	-46.56	124.18	23.747	0.393	-19.160	-0.47302	-0.15857	0.36429	-0.78632	25.9	null	null	13113	75
2026-05-27T14:21:26.834	WT901BLE68(F3:F0:16:BF:DC:AE)	0.715	-0.249	0.701	-4.822	-42.725	-0.183	-31.07	-49.65	127.08	23.747	0.393	-19.160	-0.47302	-0.15857	0.36429	-0.78632	25.9	null	null	13113	75
2026-05-27T14:21:26.948	WT901BLE68(F3:F0:16:BF:DC:AE)	0.767	-0.240	0.647	-5.005	-29.968	-21.545	-32.11	-53.26	127.44	23.747	0.393	-19.160	-0.48810	-0.26727	0.40668	-0.72446	25.9	null	null	13113	75
2026-05-27T14:21:27.043	WT901BLE68(F3:F0:16:BF:DC:AE)	0.735	-0.203	0.585	-3.357	-17.334	-22.034	-30.54	-56.13	125.07	23.747	0.393	-19.160	-0.48810	-0.26727	0.40668	-0.72446	25.9	null	null	13113	75
2026-05-27T14:21:27.164	WT901BLE68(F3:F0:16:BF:DC:AE)	0.686	-0.215	0.556	15.991	-5.371	-28.137	-27.10	-57.85	120.80	23.747	0.393	-19.160	-0.48810	-0.26727	0.40668	-0.72446	25.9	null	null	13113	75
2026-05-27T14:21:27.219	WT901BLE68(F3:F0:16:BF:DC:AE)	0.944	-0.210	0.467	-10.437	-6.104	-36.621	-20.25	-59.10	114.02	23.747	0.393	-19.160	-0.48810	-0.26727	0.40668	-0.72446	25.9	null	null	13113	75
2026-05-27T14:21:27.343	WT901BLE68(F3:F0:16:BF:DC:AE)	1.188	-0.393	0.328	-37.170	3.479	-3.540	-20.81	-59.48	108.35	23.747	0.393	-19.160	-0.48810	-0.26727	0.40668	-0.72446	25.9	null	null	13113	75
2026-05-27T14:21:27.431	WT901BLE68(F3:F0:16:BF:DC:AE)	1.075	-0.282	0.433	-18.921	5.249	29.968	-26.00	-58.55	110.26	23.747	0.393	-19.160	-0.48810	-0.26727	0.40668	-0.72446	25.9	null	null	13113	75
2026-05-27T14:21:27.549	WT901BLE68(F3:F0:16:BF:DC:AE)	0.916	-0.206	0.385	-36.743	10.986	36.194	-32.16	-56.56	114.85	23.747	0.393	-19.160	-0.48810	-0.26727	0.40668	-0.72446	25.9	null	null	13113	75
2026-05-27T14:21:27.639	WT901BLE68(F3:F0:16:BF:DC:AE)	0.823	-0.419	0.303	-8.362	-0.854	39.551	-38.05	-54.45	118.92	23.747	0.393	-19.160	-0.48810	-0.26727	0.40668	-0.72446	25.9	null	null	13113	75
2026-05-27T14:21:27.763	WT901BLE68(F3:F0:16:BF:DC:AE)	0.614	-0.449	0.392	23.743	-14.954	37.781	-41.62	-52.62	124.58	23.747	0.393	-19.160	-0.48810	-0.26727	0.40668	-0.72446	25.9	null	null	13113	75
2026-05-27T14:21:27.854	WT901BLE68(F3:F0:16:BF:DC:AE)	0.588	-0.331	0.480	42.053	-20.874	30.701	-42.45	-51.75	130.79	23.747	0.393	-19.160	-0.48810	-0.26727	0.40668	-0.72446	25.9	null	null	13113	75
2026-05-27T14:21:27.968	WT901BLE68(F3:F0:16:BF:DC:AE)	0.672	-0.264	0.518	25.879	-14.343	6.897	-41.11	-51.56	134.49	23.747	0.393	-19.160	-0.48810	-0.26727	0.40668	-0.72446	25.9	null	null	13113	75
2026-05-27T14:21:28.031	WT901BLE68(F3:F0:16:BF:DC:AE)	0.732	-0.239	0.480	31.433	-22.034	-19.043	-38.44	-53.06	134.84	23.747	0.393	-19.160	-0.48810	-0.26727	0.40668	-0.72446	25.9	null	null	13113	75
2026-05-27T14:21:28.150	WT901BLE68(F3:F0:16:BF:DC:AE)	0.827	-0.238	0.364	21.545	-29.419	-38.940	-34.46	-56.93	132.43	23.987	-5.967	-33.660	-0.48810	-0.26727	0.40668	-0.72446	25.9	null	null	13113	75
2026-05-27T14:21:28.241	WT901BLE68(F3:F0:16:BF:DC:AE)	0.903	-0.251	0.286	1.953	-30.273	-42.419	-30.72	-61.57	128.14	23.987	-5.967	-33.660	-0.48810	-0.26727	0.40668	-0.72446	25.9	null	null	13113	75
2026-05-27T14:21:28.360	WT901BLE68(F3:F0:16:BF:DC:AE)	1.002	-0.175	0.308	-9.094	-27.893	-29.297	-26.52	-66.21	123.49	23.987	-5.967	-33.660	-0.49060	-0.36533	0.41785	-0.67166	25.9	null	null	13113	75
2026-05-27T14:21:28.451	WT901BLE68(F3:F0:16:BF:DC:AE)	1.130	-0.194	0.271	-15.564	-19.470	-17.151	-25.49	-69.44	119.82	23.987	-5.967	-33.660	-0.49060	-0.36533	0.41785	-0.67166	25.9	null	null	13113	75
2026-05-27T14:21:28.573	WT901BLE68(F3:F0:16:BF:DC:AE)	1.149	-0.221	0.257	1.221	-10.864	9.216	-27.78	-70.92	120.00	23.987	-5.967	-33.660	-0.49060	-0.36533	0.41785	-0.67166	25.9	null	null	13113	75
2026-05-27T14:21:28.633	WT901BLE68(F3:F0:16:BF:DC:AE)	1.048	-0.250	0.335	-5.676	-2.258	32.166	-34.33	-70.67	125.96	23.987	-5.967	-33.660	-0.49060	-0.36533	0.41785	-0.67166	25.9	null	null	13113	75
2026-05-27T14:21:28.754	WT901BLE68(F3:F0:16:BF:DC:AE)	0.956	-0.268	0.311	-31.860	20.752	40.039	-42.26	-67.76	132.24	23.987	-5.967	-33.660	-0.49060	-0.36533	0.41785	-0.67166	25.9	null	null	13113	75
2026-05-27T14:21:28.839	WT901BLE68(F3:F0:16:BF:DC:AE)	0.805	-0.266	0.319	-24.841	23.254	25.635	-46.10	-63.62	133.50	23.987	-5.967	-33.660	-0.49060	-0.36533	0.41785	-0.67166	25.9	null	null	13113	75
2026-05-27T14:21:28.959	WT901BLE68(F3:F0:16:BF:DC:AE)	0.815	-0.292	0.491	-23.376	21.240	-0.122	-46.44	-61.48	131.84	23.987	-5.967	-33.660	-0.49060	-0.36533	0.41785	-0.67166	25.9	null	null	13113	75
2026-05-27T14:21:29.050	WT901BLE68(F3:F0:16:BF:DC:AE)	0.926	-0.327	0.541	-11.841	36.560	-6.042	-43.41	-59.71	126.54	19.940	1.000	-39.733	-0.49060	-0.36533	0.41785	-0.67166	25.9	null	null	13113	75
2026-05-27T14:21:29.172	WT901BLE68(F3:F0:16:BF:DC:AE)	0.926	-0.356	0.593	-1.831	56.213	-6.958	-37.93	-56.49	119.20	19.940	1.000	-39.733	-0.49060	-0.36533	0.41785	-0.67166	25.9	null	null	13113	75
2026-05-27T14:21:29.229	WT901BLE68(F3:F0:16:BF:DC:AE)	0.845	-0.392	0.565	-3.906	63.049	-9.277	-32.54	-51.98	111.83	19.940	1.000	-39.733	-0.56970	-0.22458	0.45914	-0.64346	25.9	null	null	13113	75
2026-05-27T14:21:29.383	WT901BLE68(F3:F0:16:BF:DC:AE)	0.697	-0.406	0.523	4.639	51.147	-6.226	-28.44	-47.65	106.71	19.940	1.000	-39.733	-0.56970	-0.22458	0.45914	-0.64346	25.9	null	null	13113	75
2026-05-27T14:21:29.441	WT901BLE68(F3:F0:16:BF:DC:AE)	0.602	-0.305	0.495	-43.030	34.180	-9.949	-27.70	-44.70	103.62	19.940	1.000	-39.733	-0.56970	-0.22458	0.45914	-0.64346	25.9	null	null	13113	75
2026-05-27T14:21:29.559	WT901BLE68(F3:F0:16:BF:DC:AE)	0.681	-0.248	0.417	-14.343	16.235	-24.597	-27.92	-43.43	100.01	19.940	1.000	-39.733	-0.56970	-0.22458	0.45914	-0.64346	25.9	null	null	13113	75
2026-05-27T14:21:29.655	WT901BLE68(F3:F0:16:BF:DC:AE)	0.943	-0.370	0.469	-37.659	-4.700	-21.545	-29.27	-44.99	96.66	19.940	1.000	-39.733	-0.56970	-0.22458	0.45914	-0.64346	25.9	null	null	13113	75
2026-05-27T14:21:29.770	WT901BLE68(F3:F0:16:BF:DC:AE)	0.887	-0.329	0.570	-3.967	-11.475	15.930	-31.56	-46.16	97.64	19.940	1.000	-39.733	-0.56970	-0.22458	0.45914	-0.64346	25.9	null	null	13113	75
2026-05-27T14:21:29.864	WT901BLE68(F3:F0:16:BF:DC:AE)	0.824	-0.421	0.664	18.921	-14.526	18.921	-32.48	-46.61	101.17	19.940	1.000	-39.733	-0.56970	-0.22458	0.45914	-0.64346	25.9	null	null	13113	75
2026-05-27T14:21:29.981	WT901BLE68(F3:F0:16:BF:DC:AE)	0.763	-0.427	0.755	-3.418	23.376	33.752	-33.23	-45.15	103.89	21.980	1.313	-14.760	-0.56970	-0.22458	0.45914	-0.64346	25.9	null	null	13113	75
2026-05-27T14:21:30.040	WT901BLE68(F3:F0:16:BF:DC:AE)	0.646	-0.442	0.746	-5.432	31.677	23.254	-35.32	-41.12	105.09	21.980	1.313	-14.760	-0.56970	-0.22458	0.45914	-0.64346	25.9	null	null	13113	75
2026-05-27T14:21:30.160	WT901BLE68(F3:F0:16:BF:DC:AE)	0.569	-0.491	0.834	1.404	33.447	12.878	-35.09	-37.54	104.96	21.980	1.313	-14.760	-0.62656	-0.07993	0.42389	-0.64902	25.9	null	null	13113	75
2026-05-27T14:21:30.252	WT901BLE68(F3:F0:16:BF:DC:AE)	0.328	-0.407	0.738	23.804	46.143	24.597	-33.71	-32.72	104.86	21.980	1.313	-14.760	-0.62656	-0.07993	0.42389	-0.64902	25.9	null	null	13113	75
2026-05-27T14:21:30.373	WT901BLE68(F3:F0:16:BF:DC:AE)	0.314	-0.457	0.666	-0.671	46.387	11.902	-32.28	-27.47	104.66	21.980	1.313	-14.760	-0.62656	-0.07993	0.42389	-0.64902	25.9	null	null	13113	75
2026-05-27T14:21:30.463	WT901BLE68(F3:F0:16:BF:DC:AE)	0.360	-0.450	0.645	-27.222	22.766	-1.343	-33.10	-24.05	104.12	21.980	1.313	-14.760	-0.62656	-0.07993	0.42389	-0.64902	25.9	null	null	13113	75
2026-05-27T14:21:30.580	WT901BLE68(F3:F0:16:BF:DC:AE)	0.532	-0.561	0.538	9.766	-8.179	-9.766	-34.95	-24.11	104.51	21.980	1.313	-14.760	-0.62656	-0.07993	0.42389	-0.64902	25.9	null	null	13113	75
2026-05-27T14:21:30.673	WT901BLE68(F3:F0:16:BF:DC:AE)	0.546	-0.563	0.649	1.343	-4.028	11.658	-36.04	-24.95	106.70	21.980	1.313	-14.760	-0.62656	-0.07993	0.42389	-0.64902	25.9	null	null	13113	75
2026-05-27T14:21:30.793	WT901BLE68(F3:F0:16:BF:DC:AE)	0.380	-0.476	0.675	9.277	-9.583	14.893	-36.56	-24.87	110.34	21.980	1.313	-14.760	-0.62656	-0.07993	0.42389	-0.64902	25.9	null	null	13113	75
2026-05-27T14:21:30.849	WT901BLE68(F3:F0:16:BF:DC:AE)	0.441	-0.573	0.713	18.127	-11.169	16.479	-36.24	-24.98	113.91	17.327	-16.107	4.473	-0.62656	-0.07993	0.42389	-0.64902	25.9	null	null	13113	75
2026-05-27T14:21:30.972	WT901BLE68(F3:F0:16:BF:DC:AE)	0.388	-0.600	0.729	21.545	-7.874	31.494	-35.69	-24.26	117.95	17.327	-16.107	4.473	-0.62656	-0.07993	0.42389	-0.64902	25.9	null	null	13113	75
2026-05-27T14:21:31.059	WT901BLE68(F3:F0:16:BF:DC:AE)	0.318	-0.562	0.834	24.109	-6.042	36.743	-34.97	-22.72	122.57	17.327	-16.107	4.473	-0.52307	-0.01926	0.35672	-0.77371	25.9	null	null	13113	75
2026-05-27T14:21:31.181	WT901BLE68(F3:F0:16:BF:DC:AE)	0.293	-0.542	0.875	11.902	5.615	37.720	-34.44	-20.42	126.78	17.327	-16.107	4.473	-0.52307	-0.01926	0.35672	-0.77371	25.9	null	null	13113	75
2026-05-27T14:21:31.274	WT901BLE68(F3:F0:16:BF:DC:AE)	0.199	-0.462	0.824	11.414	9.827	33.325	-34.09	-17.43	130.50	17.327	-16.107	4.473	-0.52307	-0.01926	0.35672	-0.77371	25.9	null	null	13113	75
2026-05-27T14:21:31.391	WT901BLE68(F3:F0:16:BF:DC:AE)	0.109	-0.364	0.755	4.883	5.859	12.085	-34.28	-15.38	133.13	17.327	-16.107	4.473	-0.52307	-0.01926	0.35672	-0.77371	25.9	null	null	13113	75
2026-05-27T14:21:31.451	WT901BLE68(F3:F0:16:BF:DC:AE)	0.313	-0.455	0.722	5.493	-19.043	-15.808	-33.72	-16.19	134.41	17.327	-16.107	4.473	-0.52307	-0.01926	0.35672	-0.77371	25.9	null	null	13113	75
2026-05-27T14:21:31.573	WT901BLE68(F3:F0:16:BF:DC:AE)	0.534	-0.568	0.800	-5.859	-16.357	-23.560	-33.26	-18.95	134.53	17.327	-16.107	4.473	-0.52307	-0.01926	0.35672	-0.77371	25.9	null	null	13113	75
2026-05-27T14:21:31.660	WT901BLE68(F3:F0:16:BF:DC:AE)	0.476	-0.530	0.759	-6.165	-4.333	-14.282	-33.34	-20.98	134.37	17.327	-16.107	4.473	-0.52307	-0.01926	0.35672	-0.77371	25.9	null	null	13113	75
2026-05-27T14:21:31.779	WT901BLE68(F3:F0:16:BF:DC:AE)	0.335	-0.497	0.777	-4.150	-8.057	-17.578	-33.57	-22.87	134.02	18.727	-22.360	2.013	-0.52307	-0.01926	0.35672	-0.77371	25.9	null	null	13113	75
2026-05-27T14:21:31.871	WT901BLE68(F3:F0:16:BF:DC:AE)	0.324	-0.508	0.772	0.244	-0.671	-9.583	-33.40	-23.86	133.61	18.727	-22.360	2.013	-0.52307	-0.01926	0.35672	-0.77371	25.9	null	null	13113	75
2026-05-27T14:21:31.994	WT901BLE68(F3:F0:16:BF:DC:AE)	0.315	-0.519	0.772	-5.493	11.292	-1.709	-33.35	-23.32	133.26	18.727	-22.360	2.013	-0.42444	-0.07095	0.33652	-0.83752	25.9	null	null	13113	75
2026-05-27T14:21:32.079	WT901BLE68(F3:F0:16:BF:DC:AE)	0.237	-0.463	0.768	-5.188	0.549	-2.869	-34.17	-22.48	133.08	18.727	-22.360	2.013	-0.42444	-0.07095	0.33652	-0.83752	25.9	null	null	13113	75
2026-05-27T14:21:32.203	WT901BLE68(F3:F0:16:BF:DC:AE)	0.251	-0.458	0.679	0.305	-9.216	-12.756	-34.55	-22.82	132.87	18.727	-22.360	2.013	-0.42444	-0.07095	0.33652	-0.83752	25.9	null	null	13113	75
2026-05-27T14:21:32.261	WT901BLE68(F3:F0:16:BF:DC:AE)	0.441	-0.496	0.780	2.563	-13.489	-15.808	-34.06	-24.60	132.96	18.727	-22.360	2.013	-0.42444	-0.07095	0.33652	-0.83752	25.9	null	null	13113	75
2026-05-27T14:21:32.380	WT901BLE68(F3:F0:16:BF:DC:AE)	0.515	-0.521	0.698	-2.991	-10.986	-18.188	-34.10	-26.45	132.20	18.727	-22.360	2.013	-0.42444	-0.07095	0.33652	-0.83752	25.9	null	null	13113	75
2026-05-27T14:21:32.471	WT901BLE68(F3:F0:16:BF:DC:AE)	0.533	-0.502	0.684	-4.639	-9.583	-14.160	-33.85	-28.39	131.45	18.727	-22.360	2.013	-0.42444	-0.07095	0.33652	-0.83752	25.9	null	null	13113	75
2026-05-27T14:21:32.593	WT901BLE68(F3:F0:16:BF:DC:AE)	0.563	-0.527	0.749	-0.305	-12.634	-1.831	-34.13	-29.78	131.40	18.727	-22.360	2.013	-0.42444	-0.07095	0.33652	-0.83752	25.9	null	null	13113	75
2026-05-27T14:21:32.680	WT901BLE68(F3:F0:16:BF:DC:AE)	0.504	-0.516	0.742	-1.404	-8.362	1.953	-34.82	-30.76	132.01	21.533	-13.720	-4.753	-0.42444	-0.07095	0.33652	-0.83752	25.9	null	null	13113	75
2026-05-27T14:21:32.803	WT901BLE68(F3:F0:16:BF:DC:AE)	0.450	-0.469	0.723	-8.362	-8.423	-0.916	-35.21	-31.19	132.35	21.533	-13.720	-4.753	-0.42444	-0.07095	0.33652	-0.83752	25.9	null	null	13113	75
2026-05-27T14:21:32.860	WT901BLE68(F3:F0:16:BF:DC:AE)	0.410	-0.397	0.763	-0.366	-17.578	-12.634	-35.04	-32.39	132.29	21.533	-13.720	-4.753	-0.44574	-0.12036	0.37222	-0.80508	25.9	null	null	13113	75
2026-05-27T14:21:32.984	WT901BLE68(F3:F0:16:BF:DC:AE)	0.621	-0.339	0.649	20.691	-30.640	-29.297	-33.24	-35.15	131.57	21.533	-13.720	-4.753	-0.44574	-0.12036	0.37222	-0.80508	25.9	null	null	13113	75
2026-05-27T14:21:33.070	WT901BLE68(F3:F0:16:BF:DC:AE)	0.879	-0.529	0.680	6.653	-26.062	-34.424	-31.81	-39.63	128.68	21.533	-13.720	-4.753	-0.44574	-0.12036	0.37222	-0.80508	25.9	null	null	13113	75
2026-05-27T14:21:33.192	WT901BLE68(F3:F0:16:BF:DC:AE)	0.847	-0.399	0.502	-16.724	6.836	5.676	-30.55	-41.45	127.25	21.533	-13.720	-4.753	-0.44574	-0.12036	0.37222	-0.80508	25.9	null	null	13113	75
2026-05-27T14:21:33.284	WT901BLE68(F3:F0:16:BF:DC:AE)	0.688	-0.338	0.480	-23.560	5.127	15.320	-32.58	-40.61	127.60	21.533	-13.720	-4.753	-0.44574	-0.12036	0.37222	-0.80508	25.9	null	null	13113	75
2026-05-27T14:21:33.399	WT901BLE68(F3:F0:16:BF:DC:AE)	0.566	-0.370	0.603	-18.921	-15.564	-0.854	-35.53	-40.86	128.14	21.533	-13.720	-4.753	-0.44574	-0.12036	0.37222	-0.80508	25.9	null	null	13113	75
2026-05-27T14:21:33.491	WT901BLE68(F3:F0:16:BF:DC:AE)	0.484	-0.318	0.744	-10.315	-21.423	-25.940	-36.61	-43.46	127.83	21.533	-13.720	-4.753	-0.44574	-0.12036	0.37222	-0.80508	25.9	null	null	13113	75
2026-05-27T14:21:33.612	WT901BLE68(F3:F0:16:BF:DC:AE)	0.546	-0.338	0.715	14.099	-13.000	-36.621	-34.06	-46.12	124.62	23.640	-4.920	-16.680	-0.44574	-0.12036	0.37222	-0.80508	25.9	null	null	13113	75
2026-05-27T14:21:33.670	WT901BLE68(F3:F0:16:BF:DC:AE)	0.683	-0.277	0.507	22.156	-26.489	-55.420	-28.66	-49.11	119.29	23.640	-4.920	-16.680	-0.44574	-0.12036	0.37222	-0.80508	25.9	null	null	13113	75
2026-05-27T14:21:33.790	WT901BLE68(F3:F0:16:BF:DC:AE)	0.992	-0.302	0.539	-12.207	-33.752	-57.434	-23.49	-54.06	111.72	23.640	-4.920	-16.680	-0.54761	-0.24985	0.39560	-0.69360	25.9	null	null	13113	75
2026-05-27T14:21:33.881	WT901BLE68(F3:F0:16:BF:DC:AE)	0.998	-0.220	0.429	-13.672	-11.902	-16.724	-21.61	-57.57	106.87	23.640	-4.920	-16.680	-0.54761	-0.24985	0.39560	-0.69360	25.9	null	null	13113	75
2026-05-27T14:21:34.003	WT901BLE68(F3:F0:16:BF:DC:AE)	0.998	-0.257	0.441	-20.264	-3.174	1.709	-23.05	-58.44	105.42	23.640	-4.920	-16.680	-0.54761	-0.24985	0.39560	-0.69360	25.9	null	null	13113	75
2026-05-27T14:21:34.092	WT901BLE68(F3:F0:16:BF:DC:AE)	0.985	-0.290	0.527	-21.729	12.817	27.039	-26.42	-57.76	107.05	23.640	-4.920	-16.680	-0.54761	-0.24985	0.39560	-0.69360	25.9	null	null	13113	75
2026-05-27T14:21:34.212	WT901BLE68(F3:F0:16:BF:DC:AE)	0.937	-0.401	0.564	-5.798	30.762	52.551	-32.01	-53.93	110.37	23.640	-4.920	-16.680	-0.54761	-0.24985	0.39560	-0.69360	25.9	null	null	13113	75
2026-05-27T14:21:34.274	WT901BLE68(F3:F0:16:BF:DC:AE)	0.712	-0.470	0.618	7.080	40.527	64.026	-36.12	-47.82	114.15	23.640	-4.920	-16.680	-0.54761	-0.24985	0.39560	-0.69360	25.9	null	null	13113	75
2026-05-27T14:21:34.394	WT901BLE68(F3:F0:16:BF:DC:AE)	0.545	-0.471	0.708	6.226	50.171	57.983	-37.49	-40.41	116.95	23.640	-4.920	-16.680	-0.54761	-0.24985	0.39560	-0.69360	25.9	null	null	13113	75
2026-05-27T14:21:34.479	WT901BLE68(F3:F0:16:BF:DC:AE)	0.406	-0.420	0.705	19.043	45.044	39.185	-36.78	-33.60	118.55	21.487	-6.233	-13.027	-0.54761	-0.24985	0.39560	-0.69360	25.9	null	null	13113	75
2026-05-27T14:21:34.603	WT901BLE68(F3:F0:16:BF:DC:AE)	0.359	-0.449	0.568	13.733	23.315	7.507	-34.95	-29.16	118.82	21.487	-6.233	-13.027	-0.54761	-0.24985	0.39560	-0.69360	25.9	null	null	13113	75
2026-05-27T14:21:34.690	WT901BLE68(F3:F0:16:BF:DC:AE)	0.534	-0.348	0.590	7.813	-17.212	-25.513	-32.41	-29.67	118.19	21.487	-6.233	-13.027	-0.53494	-0.05978	0.36420	-0.75995	25.9	null	null	13113	75
2026-05-27T14:21:34.812	WT901BLE68(F3:F0:16:BF:DC:AE)	0.732	-0.487	0.519	17.517	-20.142	-11.353	-31.53	-32.99	117.91	21.487	-6.233	-13.027	-0.53494	-0.05978	0.36420	-0.75995	25.9	null	null	13113	75
2026-05-27T14:21:34.903	WT901BLE68(F3:F0:16:BF:DC:AE)	0.689	-0.452	0.552	-12.939	1.526	8.179	-32.13	-33.67	118.80	21.487	-6.233	-13.027	-0.53494	-0.05978	0.36420	-0.75995	25.9	null	null	13113	75
2026-05-27T14:21:35.023	WT901BLE68(F3:F0:16:BF:DC:AE)	0.615	-0.475	0.637	-6.592	-16.174	7.874	-34.19	-34.50	120.59	21.487	-6.233	-13.027	-0.53494	-0.05978	0.36420	-0.75995	25.9	null	null	13113	75
2026-05-27T14:21:35.080	WT901BLE68(F3:F0:16:BF:DC:AE)	0.582	-0.569	0.770	-7.507	-2.991	22.888	-35.96	-34.65	123.00	21.487	-6.233	-13.027	-0.53494	-0.05978	0.36420	-0.75995	25.9	null	null	13113	75
2026-05-27T14:21:35.203	WT901BLE68(F3:F0:16:BF:DC:AE)	0.470	-0.544	0.819	-2.686	13.733	37.598	-38.52	-32.05	125.90	21.487	-6.233	-13.027	-0.53494	-0.05978	0.36420	-0.75995	25.9	null	null	13113	75
2026-05-27T14:21:35.290	WT901BLE68(F3:F0:16:BF:DC:AE)	0.327	-0.481	0.890	-2.441	25.391	25.513	-39.44	-28.23	127.68	21.487	-6.233	-13.027	-0.53494	-0.05978	0.36420	-0.75995	25.9	null	null	13113	75
2026-05-27T14:21:35.413	WT901BLE68(F3:F0:16:BF:DC:AE)	0.183	-0.496	0.750	23.804	14.343	15.198	-38.23	-25.01	128.39	20.907	-17.973	-4.613	-0.53494	-0.05978	0.36420	-0.75995	25.9	null	null	13113	75
2026-05-27T14:21:35.503	WT901BLE68(F3:F0:16:BF:DC:AE)	0.202	-0.508	0.624	78.918	-32.349	-18.372	-33.45	-25.32	129.12	20.907	-17.973	-4.613	-0.53494	-0.05978	0.36420	-0.75995	25.9	null	null	13113	75
2026-05-27T14:21:35.621	WT901BLE68(F3:F0:16:BF:DC:AE)	0.714	-0.392	0.486	94.727	-80.688	-44.678	-25.19	-31.82	129.25	20.907	-17.973	-4.613	-0.45700	-0.09244	0.32877	-0.82123	25.9	null	null	13113	75
2026-05-27T14:21:35.681	WT901BLE68(F3:F0:16:BF:DC:AE)	0.879	-0.350	0.652	24.353	-23.193	-7.263	-18.98	-38.05	128.28	20.907	-17.973	-4.613	-0.45700	-0.09244	0.32877	-0.82123	25.9	null	null	13113	75
2026-05-27T14:21:35.802	WT901BLE68(F3:F0:16:BF:DC:AE)	0.682	-0.325	0.630	15.076	-9.827	37.903	-21.45	-38.08	130.89	20.907	-17.973	-4.613	-0.45700	-0.09244	0.32877	-0.82123	25.9	null	null	13113	75
2026-05-27T14:21:35.892	WT901BLE68(F3:F0:16:BF:DC:AE)	0.713	-0.329	0.822	18.188	-17.761	35.278	-23.65	-38.57	135.46	20.907	-17.973	-4.613	-0.45700	-0.09244	0.32877	-0.82123	25.9	null	null	13113	75
2026-05-27T14:21:36.011	WT901BLE68(F3:F0:16:BF:DC:AE)	0.618	-0.305	0.826	23.376	-9.949	46.143	-25.78	-37.94	140.23	20.907	-17.973	-4.613	-0.45700	-0.09244	0.32877	-0.82123	25.9	null	null	13113	75
2026-05-27T14:21:36.104	WT901BLE68(F3:F0:16:BF:DC:AE)	0.577	-0.289	0.824	13.794	-3.235	39.063	-26.81	-36.56	144.54	20.907	-17.973	-4.613	-0.45700	-0.09244	0.32877	-0.82123	25.9	null	null	13113	75
2026-05-27T14:21:36.221	WT901BLE68(F3:F0:16:BF:DC:AE)	0.576	-0.313	0.643	18.311	-8.057	39.185	-27.21	-35.15	148.13	20.907	-17.973	-4.613	-0.45700	-0.09244	0.32877	-0.82123	25.9	null	null	13113	75
2026-05-27T14:21:36.280	WT901BLE68(F3:F0:16:BF:DC:AE)	0.545	-0.175	0.617	10.925	-7.446	17.456	-26.33	-34.71	150.85	25.573	-22.107	-16.453	-0.45700	-0.09244	0.32877	-0.82123	25.9	null	null	13113	75
2026-05-27T14:21:36.433	WT901BLE68(F3:F0:16:BF:DC:AE)	0.569	-0.169	0.702	-12.817	-15.686	-13.672	-25.07	-36.17	150.35	25.573	-22.107	-16.453	-0.45700	-0.09244	0.32877	-0.82123	25.9	null	null	13113	75
2026-05-27T14:21:36.489	WT901BLE68(F3:F0:16:BF:DC:AE)	0.683	-0.072	0.560	16.113	-42.542	-39.063	-23.49	-40.62	148.37	25.573	-22.107	-16.453	-0.31143	-0.25644	0.28134	-0.87064	25.9	null	null	13113	75
2026-05-27T14:21:36.613	WT901BLE68(F3:F0:16:BF:DC:AE)	0.865	-0.299	0.673	-35.645	-30.762	-53.101	-22.77	-46.25	142.81	25.573	-22.107	-16.453	-0.31143	-0.25644	0.28134	-0.87064	25.9	null	null	13113	75
2026-05-27T14:21:36.701	WT901BLE68(F3:F0:16:BF:DC:AE)	0.860	-0.335	0.785	-20.630	-13.367	-36.560	-21.96	-49.77	136.82	25.573	-22.107	-16.453	-0.31143	-0.25644	0.28134	-0.87064	25.9	null	null	13113	75
2026-05-27T14:21:36.823	WT901BLE68(F3:F0:16:BF:DC:AE)	0.773	-0.219	0.680	-28.259	6.775	-15.381	-21.38	-50.88	132.59	25.573	-22.107	-16.453	-0.31143	-0.25644	0.28134	-0.87064	25.9	null	null	13113	75
2026-05-27T14:21:36.911	WT901BLE68(F3:F0:16:BF:DC:AE)	0.746	-0.258	0.577	-31.799	20.569	-4.089	-22.36	-49.52	129.68	25.573	-22.107	-16.453	-0.31143	-0.25644	0.28134	-0.87064	25.9	null	null	13113	75
2026-05-27T14:21:37.031	WT901BLE68(F3:F0:16:BF:DC:AE)	0.725	-0.322	0.590	-24.231	3.113	-6.592	-24.43	-48.49	127.61	25.573	-22.107	-16.453	-0.31143	-0.25644	0.28134	-0.87064	25.9	null	null	13113	75
2026-05-27T14:21:37.093	WT901BLE68(F3:F0:16:BF:DC:AE)	0.776	-0.280	0.653	-26.184	5.859	-4.150	-26.08	-48.49	126.27	25.573	-22.107	-16.453	-0.31143	-0.25644	0.28134	-0.87064	25.9	null	null	13113	75
2026-05-27T14:21:37.213	WT901BLE68(F3:F0:16:BF:DC:AE)	0.774	-0.281	0.717	-25.146	21.362	-3.906	-27.91	-47.48	124.57	24.927	-7.420	-25.040	-0.31143	-0.25644	0.28134	-0.87064	25.9	null	null	13113	75
2026-05-27T14:21:37.303	WT901BLE68(F3:F0:16:BF:DC:AE)	0.723	-0.358	0.689	-47.363	47.974	4.395	-30.46	-44.12	121.79	24.927	-7.420	-25.040	-0.31143	-0.25644	0.28134	-0.87064	25.9	null	null	13113	75
2026-05-27T14:21:37.420	WT901BLE68(F3:F0:16:BF:DC:AE)	0.583	-0.462	0.750	-47.424	60.974	1.221	-32.34	-39.42	118.28	24.927	-7.420	-25.040	-0.52655	-0.18567	0.38995	-0.73218	25.9	null	null	13113	75
2026-05-27T14:21:37.513	WT901BLE68(F3:F0:16:BF:DC:AE)	0.428	-0.508	0.627	-9.888	48.096	-3.357	-32.73	-34.74	115.12	24.927	-7.420	-25.040	-0.52655	-0.18567	0.38995	-0.73218	25.9	null	null	13113	75
2026-05-27T14:21:37.630	WT901BLE68(F3:F0:16:BF:DC:AE)	0.451	-0.428	0.645	24.048	19.409	-17.639	-29.92	-32.73	112.63	24.927	-7.420	-25.040	-0.52655	-0.18567	0.38995	-0.73218	25.9	null	null	13113	75
2026-05-27T14:21:37.691	WT901BLE68(F3:F0:16:BF:DC:AE)	0.562	-0.430	0.686	19.592	6.409	-16.541	-26.70	-32.24	110.62	24.927	-7.420	-25.040	-0.52655	-0.18567	0.38995	-0.73218	25.9	null	null	13113	75
2026-05-27T14:21:37.844	WT901BLE68(F3:F0:16:BF:DC:AE)	0.609	-0.380	0.667	-3.479	-4.395	-15.564	-25.31	-32.71	109.20	24.927	-7.420	-25.040	-0.52655	-0.18567	0.38995	-0.73218	25.9	null	null	13113	75
2026-05-27T14:21:37.900	WT901BLE68(F3:F0:16:BF:DC:AE)	0.721	-0.369	0.702	-18.555	-11.292	-6.226	-25.65	-34.43	108.62	24.927	-7.420	-25.040	-0.52655	-0.18567	0.38995	-0.73218	25.9	null	null	13113	75
2026-05-27T14:21:38.029	WT901BLE68(F3:F0:16:BF:DC:AE)	0.716	-0.348	0.705	6.592	-11.292	9.766	-26.65	-35.72	109.73	24.927	-7.420	-25.040	-0.52655	-0.18567	0.38995	-0.73218	25.9	null	null	13113	75
2026-05-27T14:21:38.111	WT901BLE68(F3:F0:16:BF:DC:AE)	0.711	-0.462	0.711	-14.038	-5.310	16.174	-28.27	-36.59	111.64	20.880	-5.373	-7.147	-0.52655	-0.18567	0.38995	-0.73218	25.9	null	null	13113	75
2026-05-27T14:21:38.231	WT901BLE68(F3:F0:16:BF:DC:AE)	0.706	-0.527	0.764	-12.573	4.456	34.241	-31.00	-35.81	114.70	20.880	-5.373	-7.147	-0.52655	-0.18567	0.38995	-0.73218	25.9	null	null	13113	75
2026-05-27T14:21:38.323	WT901BLE68(F3:F0:16:BF:DC:AE)	0.366	-0.383	0.806	23.926	14.709	41.016	-32.75	-32.87	118.66	20.880	-5.373	-7.147	-0.55331	-0.10278	0.37781	-0.73514	25.9	null	null	13113	75
2026-05-27T14:21:38.443	WT901BLE68(F3:F0:16:BF:DC:AE)	0.305	-0.324	0.838	5.920	7.690	8.789	-32.00	-29.92	121.16	20.880	-5.373	-7.147	-0.55331	-0.10278	0.37781	-0.73514	25.9	null	null	13113	75
2026-05-27T14:21:38.500	WT901BLE68(F3:F0:16:BF:DC:AE)	0.509	-0.401	0.841	6.714	-19.653	-21.301	-31.20	-30.26	121.20	20.880	-5.373	-7.147	-0.55331	-0.10278	0.37781	-0.73514	25.9	null	null	13113	75
2026-05-27T14:21:38.621	WT901BLE68(F3:F0:16:BF:DC:AE)	0.721	-0.432	0.645	26.123	-27.588	-23.865	-30.51	-33.57	120.60	20.880	-5.373	-7.147	-0.55331	-0.10278	0.37781	-0.73514	25.9	null	null	13113	75
2026-05-27T14:21:38.712	WT901BLE68(F3:F0:16:BF:DC:AE)	0.728	-0.481	0.745	2.930	-4.700	-3.601	-29.43	-35.87	120.14	20.880	-5.373	-7.147	-0.55331	-0.10278	0.37781	-0.73514	25.9	null	null	13113	75
2026-05-27T14:21:38.833	WT901BLE68(F3:F0:16:BF:DC:AE)	0.806	-0.604	0.834	-20.996	31.433	39.368	-30.36	-34.68	121.41	20.880	-5.373	-7.147	-0.55331	-0.10278	0.37781	-0.73514	25.9	null	null	13113	75
2026-05-27T14:21:38.920	WT901BLE68(F3:F0:16:BF:DC:AE)	0.343	-0.709	0.583	2.197	35.034	77.393	-34.55	-28.17	125.09	20.880	-5.373	-7.147	-0.55331	-0.10278	0.37781	-0.73514	25.9	null	null	13113	75
2026-05-27T14:21:39.041	WT901BLE68(F3:F0:16:BF:DC:AE)	0.176	-0.188	0.771	33.813	3.662	48.828	-34.29	-23.26	131.62	20.293	-18.593	-3.660	-0.55331	-0.10278	0.37781	-0.73514	25.9	null	null	13113	75
2026-05-27T14:21:39.101	WT901BLE68(F3:F0:16:BF:DC:AE)	0.278	-0.171	0.756	-28.381	-8.850	-15.564	-32.76	-22.36	133.65	20.293	-18.593	-3.660	-0.55331	-0.10278	0.37781	-0.73514	25.9	null	null	13113	75
2026-05-27T14:21:39.252	WT901BLE68(F3:F0:16:BF:DC:AE)	0.591	-0.614	0.752	4.028	-15.015	-10.498	-32.51	-24.75	133.37	20.293	-18.593	-3.660	-0.42386	-0.06638	0.33264	-0.83975	25.9	null	null	13113	75
2026-05-27T14:21:39.314	WT901BLE68(F3:F0:16:BF:DC:AE)	0.490	-0.474	0.775	1.038	8.118	1.709	-31.45	-25.02	134.21	20.293	-18.593	-3.660	-0.42386	-0.06638	0.33264	-0.83975	25.9	null	null	13113	75
2026-05-27T14:21:39.430	WT901BLE68(F3:F0:16:BF:DC:AE)	0.439	-0.471	0.779	-8.423	15.198	3.357	-31.67	-24.08	134.77	20.293	-18.593	-3.660	-0.42386	-0.06638	0.33264	-0.83975	25.9	null	null	13113	75
2026-05-27T14:21:39.528	WT901BLE68(F3:F0:16:BF:DC:AE)	0.386	-0.514	0.828	-11.719	25.940	1.953	-32.40	-22.30	134.81	20.293	-18.593	-3.660	-0.42386	-0.06638	0.33264	-0.83975	25.9	null	null	13113	75
2026-05-27T14:21:39.642	WT901BLE68(F3:F0:16:BF:DC:AE)	0.302	-0.448	0.854	-23.926	43.762	-10.315	-33.91	-19.79	133.63	20.293	-18.593	-3.660	-0.42386	-0.06638	0.33264	-0.83975	25.9	null	null	13113	75
2026-05-27T14:21:39.732	WT901BLE68(F3:F0:16:BF:DC:AE)	0.111	-0.471	0.664	-20.813	33.386	-30.640	-34.60	-17.16	130.33	20.293	-18.593	-3.660	-0.42386	-0.06638	0.33264	-0.83975	25.9	null	null	13113	75
2026-05-27T14:21:39.851	WT901BLE68(F3:F0:16:BF:DC:AE)	0.165	-0.510	0.649	-6.897	-34.180	-48.218	-33.71	-19.24	128.00	20.293	-18.593	-3.660	-0.42386	-0.06638	0.33264	-0.83975	25.9	null	null	13113	75
2026-05-27T14:21:39.909	WT901BLE68(F3:F0:16:BF:DC:AE)	0.501	-0.628	0.841	7.935	-36.682	-25.757	-33.07	-24.53	127.84	16.213	-20.207	3.227	-0.42386	-0.06638	0.33264	-0.83975	25.9	null	null	13113	75
2026-05-27T14:21:40.033	WT901BLE68(F3:F0:16:BF:DC:AE)	0.593	-0.654	0.823	-2.930	-5.920	10.742	-34.10	-26.63	128.89	16.213	-20.207	3.227	-0.42386	-0.06638	0.33264	-0.83975	25.9	null	null	13113	75
2026-05-27T14:21:40.119	WT901BLE68(F3:F0:16:BF:DC:AE)	0.506	-0.494	0.860	-16.357	23.010	16.174	-35.83	-24.93	130.16	16.213	-20.207	3.227	-0.45773	-0.07306	0.35483	-0.81186	25.9	null	null	13113	75
2026-05-27T14:21:40.243	WT901BLE68(F3:F0:16:BF:DC:AE)	0.381	-0.510	0.754	4.822	24.658	14.954	-35.77	-22.13	130.99	16.213	-20.207	3.227	-0.45773	-0.07306	0.35483	-0.81186	25.9	null	null	13113	75
2026-05-27T14:21:40.333	WT901BLE68(F3:F0:16:BF:DC:AE)	0.282	-0.485	0.716	3.357	28.625	3.418	-34.46	-19.54	131.56	16.213	-20.207	3.227	-0.45773	-0.07306	0.35483	-0.81186	25.9	null	null	13113	75
2026-05-27T14:21:40.453	WT901BLE68(F3:F0:16:BF:DC:AE)	0.268	-0.577	0.753	-0.549	21.301	-5.249	-34.04	-17.82	130.99	16.213	-20.207	3.227	-0.45773	-0.07306	0.35483	-0.81186	25.9	null	null	13113	75
2026-05-27T14:21:40.510	WT901BLE68(F3:F0:16:BF:DC:AE)	0.230	-0.626	0.816	-1.343	18.311	-0.549	-34.13	-16.44	130.74	16.213	-20.207	3.227	-0.45773	-0.07306	0.35483	-0.81186	25.9	null	null	13113	75
2026-05-27T14:21:40.665	WT901BLE68(F3:F0:16:BF:DC:AE)	0.132	-0.551	0.726	-3.906	14.221	-0.122	-34.15	-14.72	131.02	16.213	-20.207	3.227	-0.45773	-0.07306	0.35483	-0.81186	25.9	null	null	13113	75
2026-05-27T14:21:40.720	WT901BLE68(F3:F0:16:BF:DC:AE)	0.179	-0.544	0.689	-1.892	-7.263	-0.366	-33.80	-14.36	132.21	16.213	-20.207	3.227	-0.45773	-0.07306	0.35483	-0.81186	25.9	null	null	13113	75
2026-05-27T14:21:40.840	WT901BLE68(F3:F0:16:BF:DC:AE)	0.267	-0.523	0.748	2.380	-17.395	0.122	-33.65	-15.37	134.29	10.407	-22.533	8.707	-0.45773	-0.07306	0.35483	-0.81186	25.9	null	null	13113	75
2026-05-27T14:21:40.934	WT901BLE68(F3:F0:16:BF:DC:AE)	0.367	-0.563	0.730	-3.357	-23.926	6.714	-34.48	-17.14	137.14	10.407	-22.533	8.707	-0.45773	-0.07306	0.35483	-0.81186	25.9	null	null	13113	75
2026-05-27T14:21:41.051	WT901BLE68(F3:F0:16:BF:DC:AE)	0.368	-0.667	0.828	-4.333	-11.780	23.376	-35.81	-17.68	140.50	10.407	-22.533	8.707	-0.37982	-0.02972	0.32843	-0.86423	25.9	null	null	13113	75
2026-05-27T14:21:41.141	WT901BLE68(F3:F0:16:BF:DC:AE)	0.280	-0.616	0.877	11.169	8.545	49.072	-36.16	-15.64	144.90	10.407	-22.533	8.707	-0.37982	-0.02972	0.32843	-0.86423	25.9	null	null	13113	75
2026-05-27T14:21:41.262	WT901BLE68(F3:F0:16:BF:DC:AE)	0.169	-0.458	0.888	18.494	27.039	40.649	-35.33	-11.38	148.75	10.407	-22.533	8.707	-0.37982	-0.02972	0.32843	-0.86423	25.9	null	null	13113	75
2026-05-27T14:21:41.326	WT901BLE68(F3:F0:16:BF:DC:AE)	0.075	-0.385	0.793	2.136	30.640	9.949	-33.82	-7.47	150.22	10.407	-22.533	8.707	-0.37982	-0.02972	0.32843	-0.86423	25.9	null	null	13113	75
2026-05-27T14:21:41.443	WT901BLE68(F3:F0:16:BF:DC:AE)	-0.007	-0.349	0.771	8.972	0.427	-31.250	-32.60	-6.73	149.52	10.407	-22.533	8.707	-0.37982	-0.02972	0.32843	-0.86423	25.9	null	null	13113	75
2026-05-27T14:21:41.531	WT901BLE68(F3:F0:16:BF:DC:AE)	0.220	-0.582	0.877	5.798	-27.710	-35.278	-31.39	-10.02	148.35	10.407	-22.533	8.707	-0.37982	-0.02972	0.32843	-0.86423	25.9	null	null	13113	75
2026-05-27T14:21:41.653	WT901BLE68(F3:F0:16:BF:DC:AE)	0.339	-0.640	0.758	0.183	-22.461	-20.142	-31.45	-13.78	148.02	10.407	-22.533	8.707	-0.37982	-0.02972	0.32843	-0.86423	25.9	null	null	13113	75
2026-05-27T14:21:41.741	WT901BLE68(F3:F0:16:BF:DC:AE)	0.388	-0.588	0.865	-12.146	12.756	1.099	-31.99	-14.46	148.39	10.807	-24.527	7.900	-0.37982	-0.02972	0.32843	-0.86423	25.9	null	null	13113	75
2026-05-27T14:21:41.862	WT901BLE68(F3:F0:16:BF:DC:AE)	0.270	-0.511	0.844	-24.048	31.372	6.409	-33.84	-12.23	148.76	10.807	-24.527	7.900	-0.37982	-0.02972	0.32843	-0.86423	25.9	null	null	13113	75
2026-05-27T14:21:41.923	WT901BLE68(F3:F0:16:BF:DC:AE)	0.174	-0.574	0.797	-16.602	31.677	0.916	-35.85	-9.66	148.50	10.807	-24.527	7.900	-0.28400	-0.00626	0.31290	-0.90625	25.9	null	null	13113	75
2026-05-27T14:21:42.039	WT901BLE68(F3:F0:16:BF:DC:AE)	0.113	-0.603	0.741	-5.920	29.907	3.113	-36.67	-7.36	148.31	10.807	-24.527	7.900	-0.28400	-0.00626	0.31290	-0.90625	25.9	null	null	13113	75
2026-05-27T14:21:42.133	WT901BLE68(F3:F0:16:BF:DC:AE)	-0.012	-0.617	0.853	-15.442	34.973	-8.301	-37.42	-5.19	147.89	10.807	-24.527	7.900	-0.28400	-0.00626	0.31290	-0.90625	25.9	null	null	13113	75
2026-05-27T14:21:42.256	WT901BLE68(F3:F0:16:BF:DC:AE)	-0.091	-0.769	0.829	-8.118	34.119	2.441	-38.44	-2.71	147.01	10.807	-24.527	7.900	-0.28400	-0.00626	0.31290	-0.90625	25.9	null	null	13113	75
2026-05-27T14:21:42.339	WT901BLE68(F3:F0:16:BF:DC:AE)	-0.160	-0.727	0.723	12.451	24.841	30.640	-37.83	1.10	148.30	10.807	-24.527	7.900	-0.28400	-0.00626	0.31290	-0.90625	25.9	null	null	13113	75
2026-05-27T14:21:42.463	WT901BLE68(F3:F0:16:BF:DC:AE)	-0.175	-0.584	0.663	18.311	-1.221	24.536	-36.62	4.05	151.30	10.807	-24.527	7.900	-0.28400	-0.00626	0.31290	-0.90625	25.9	null	null	13113	75
2026-05-27T14:21:42.552	WT901BLE68(F3:F0:16:BF:DC:AE)	-0.025	-0.599	0.685	7.019	-28.503	15.320	-35.85	3.61	154.97	10.807	-24.527	7.900	-0.28400	-0.00626	0.31290	-0.90625	25.9	null	null	13113	75
2026-05-27T14:21:42.672	WT901BLE68(F3:F0:16:BF:DC:AE)	0.100	-0.720	0.661	-2.075	-32.043	20.874	-36.13	2.10	159.69	-2.687	-31.747	17.300	-0.28400	-0.00626	0.31290	-0.90625	25.9	null	null	13113	75
2026-05-27T14:21:42.731	WT901BLE68(F3:F0:16:BF:DC:AE)	0.033	-0.594	0.759	-8.423	-30.334	27.100	-36.72	1.01	165.10	-2.687	-31.747	17.300	-0.28400	-0.00626	0.31290	-0.90625	25.9	null	null	13113	75
2026-05-27T14:21:42.853	WT901BLE68(F3:F0:16:BF:DC:AE)	0.077	-0.562	0.845	-6.348	-34.912	12.085	-37.31	-0.59	169.71	-2.687	-31.747	17.300	-0.11432	0.04562	0.31238	-0.94189	25.9	null	null	13113	75
2026-05-27T14:21:42.940	WT901BLE68(F3:F0:16:BF:DC:AE)	0.090	-0.648	0.917	-5.554	-12.146	11.047	-37.85	-2.10	172.39	-2.687	-31.747	17.300	-0.11432	0.04562	0.31238	-0.94189	25.9	null	null	13113	75
2026-05-27T14:21:43.063	WT901BLE68(F3:F0:16:BF:DC:AE)	-0.002	-0.596	0.949	7.629	9.644	8.972	-37.06	-1.58	173.59	-2.687	-31.747	17.300	-0.11432	0.04562	0.31238	-0.94189	25.9	null	null	13113	75
2026-05-27T14:21:43.152	WT901BLE68(F3:F0:16:BF:DC:AE)	-0.135	-0.518	0.761	7.813	23.376	3.357	-36.07	0.61	172.81	-2.687	-31.747	17.300	-0.11432	0.04562	0.31238	-0.94189	25.9	null	null	13113	75
2026-05-27T14:21:43.272	WT901BLE68(F3:F0:16:BF:DC:AE)	-0.161	-0.393	0.635	0.610	-0.977	-28.015	-34.84	1.42	171.18	-2.687	-31.747	17.300	-0.11432	0.04562	0.31238	-0.94189	25.9	null	null	13113	75
2026-05-27T14:21:43.332	WT901BLE68(F3:F0:16:BF:DC:AE)	0.117	-0.512	0.755	-4.822	-26.428	-49.866	-34.21	-1.99	168.56	-2.687	-31.747	17.300	-0.11432	0.04562	0.31238	-0.94189	25.9	null	null	13113	75
2026-05-27T14:21:43.451	WT901BLE68(F3:F0:16:BF:DC:AE)	0.178	-0.613	0.911	-4.822	-15.442	-28.564	-34.50	-6.04	166.86	-2.687	-31.747	17.300	-0.11432	0.04562	0.31238	-0.94189	25.9	null	null	13113	75
2026-05-27T14:21:43.540	WT901BLE68(F3:F0:16:BF:DC:AE)	0.113	-0.546	0.918	-9.399	8.118	-23.560	-35.17	-7.83	165.36	5.447	-29.153	12.693	-0.11432	0.04562	0.31238	-0.94189	25.9	null	null	13113	75
2026-05-27T14:21:43.662	WT901BLE68(F3:F0:16:BF:DC:AE)	0.125	-0.539	0.929	-7.141	31.433	-21.606	-35.54	-7.61	162.62	5.447	-29.153	12.693	-0.11432	0.04562	0.31238	-0.94189	25.9	null	null	13113	75
2026-05-27T14:21:43.748	WT901BLE68(F3:F0:16:BF:DC:AE)	0.059	-0.635	0.912	6.348	51.636	-20.386	-35.07	-5.14	159.03	5.447	-29.153	12.693	-0.17282	-0.00705	0.30853	-0.93530	25.9	null	null	13113	75
2026-05-27T14:21:43.873	WT901BLE68(F3:F0:16:BF:DC:AE)	-0.024	-0.516	0.808	7.813	51.758	-15.259	-33.77	-1.75	155.81	5.447	-29.153	12.693	-0.17282	-0.00705	0.30853	-0.93530	25.9	null	null	13113	75
2026-05-27T14:21:43.963	WT901BLE68(F3:F0:16:BF:DC:AE)	-0.074	-0.469	0.763	11.353	31.494	-22.339	-32.81	0.93	153.89	5.447	-29.153	12.693	-0.17282	-0.00705	0.30853	-0.93530	25.9	null	null	13113	75
2026-05-27T14:21:44.080	WT901BLE68(F3:F0:16:BF:DC:AE)	-0.049	-0.495	0.733	4.150	3.662	-33.875	-32.26	1.14	152.75	5.447	-29.153	12.693	-0.17282	-0.00705	0.30853	-0.93530	25.9	null	null	13113	75
2026-05-27T14:21:44.144	WT901BLE68(F3:F0:16:BF:DC:AE)	0.066	-0.528	0.741	-4.028	-17.212	-30.029	-32.13	-1.20	153.37	5.447	-29.153	12.693	-0.17282	-0.00705	0.30853	-0.93530	25.9	null	null	13113	75
2026-05-27T14:21:44.261	WT901BLE68(F3:F0:16:BF:DC:AE)	0.184	-0.643	0.753	-7.263	-24.170	-13.733	-32.70	-4.51	156.46	5.447	-29.153	12.693	-0.17282	-0.00705	0.30853	-0.93530	25.9	null	null	13113	75
2026-05-27T14:21:44.349	WT901BLE68(F3:F0:16:BF:DC:AE)	0.125	-0.606	0.810	-16.968	-22.827	-0.366	-33.70	-6.76	161.84	5.447	-29.153	12.693	-0.17282	-0.00705	0.30853	-0.93530	25.9	null	null	13113	75
2026-05-27T14:21:44.472	WT901BLE68(F3:F0:16:BF:DC:AE)	0.103	-0.609	0.822	-9.460	-24.597	8.911	-35.50	-8.51	166.19	0.633	-18.940	19.687	-0.17282	-0.00705	0.30853	-0.93530	25.9	null	null	13113	75
2026-05-27T14:21:44.560	WT901BLE68(F3:F0:16:BF:DC:AE)	0.142	-0.606	0.863	-9.155	-21.606	18.982	-36.84	-9.45	169.48	0.633	-18.940	19.687	-0.17282	-0.00705	0.30853	-0.93530	25.9	null	null	13113	75
2026-05-27T14:21:44.683	WT901BLE68(F3:F0:16:BF:DC:AE)	0.123	-0.624	0.934	16.724	-8.301	28.381	-36.84	-8.84	172.45	0.633	-18.940	19.687	-0.10394	-0.05170	0.32300	-0.93921	25.9	null	null	13113	75
2026-05-27T14:21:44.740	WT901BLE68(F3:F0:16:BF:DC:AE)	0.087	-0.498	0.889	15.625	17.517	25.696	-35.29	-6.59	174.30	0.633	-18.940	19.687	-0.10394	-0.05170	0.32300	-0.93921	25.9	null	null	13113	75
2026-05-27T14:21:44.862	WT901BLE68(F3:F0:16:BF:DC:AE)	0.040	-0.395	0.797	12.390	26.489	0.061	-33.66	-3.83	174.28	0.633	-18.940	19.687	-0.10394	-0.05170	0.32300	-0.93921	25.9	null	null	13113	75
2026-05-27T14:21:44.952	WT901BLE68(F3:F0:16:BF:DC:AE)	0.087	-0.437	0.751	8.118	9.705	-28.198	-32.20	-3.13	172.53	0.633	-18.940	19.687	-0.10394	-0.05170	0.32300	-0.93921	25.9	null	null	13113	75
2026-05-27T14:21:45.073	WT901BLE68(F3:F0:16:BF:DC:AE)	0.130	-0.476	0.739	-20.264	-10.864	-40.710	-31.96	-5.20	170.66	0.633	-18.940	19.687	-0.10394	-0.05170	0.32300	-0.93921	25.9	null	null	13113	75
2026-05-27T14:21:45.161	WT901BLE68(F3:F0:16:BF:DC:AE)	0.252	-0.689	0.822	-12.329	-6.531	-27.649	-32.51	-8.14	169.61	0.633	-18.940	19.687	-0.10394	-0.05170	0.32300	-0.93921	25.9	null	null	13113	75
2026-05-27T14:21:45.281	WT901BLE68(F3:F0:16:BF:DC:AE)	0.149	-0.602	0.804	-6.470	-4.883	-4.395	-33.18	-9.40	171.29	0.633	-18.940	19.687	-0.10394	-0.05170	0.32300	-0.93921	25.9	null	null	13113	75
2026-05-27T14:21:45.370	WT901BLE68(F3:F0:16:BF:DC:AE)	0.146	-0.599	0.839	-7.996	-15.808	10.071	-34.23	-10.18	173.52	3.013	-17.553	17.373	-0.10394	-0.05170	0.32300	-0.93921	25.9	null	null	13113	75
2026-05-27T14:21:45.496	WT901BLE68(F3:F0:16:BF:DC:AE)	0.123	-0.641	0.862	-7.874	-18.860	31.189	-35.67	-10.37	176.33	3.013	-17.553	17.373	-0.10394	-0.05170	0.32300	-0.93921	25.9	null	null	13113	75
2026-05-27T14:21:45.549	WT901BLE68(F3:F0:16:BF:DC:AE)	0.091	-0.566	0.879	0.732	-13.306	46.509	-36.91	-9.19	-179.69	3.013	-17.553	17.373	-0.03976	-0.07770	0.31314	-0.94562	25.9	null	null	13113	75
2026-05-27T14:21:45.676	WT901BLE68(F3:F0:16:BF:DC:AE)	0.140	-0.505	0.939	2.258	4.822	45.959	-37.23	-6.81	-176.26	3.013	-17.553	17.373	-0.03976	-0.07770	0.31314	-0.94562	25.9	null	null	13113	75
2026-05-27T14:21:45.761	WT901BLE68(F3:F0:16:BF:DC:AE)	-0.036	-0.457	0.812	13.428	21.057	25.085	-36.23	-3.31	-175.00	3.013	-17.553	17.373	-0.03976	-0.07770	0.31314	-0.94562	25.9	null	null	13113	75
2026-05-27T14:21:45.883	WT901BLE68(F3:F0:16:BF:DC:AE)	-0.181	-0.400	0.760	17.395	1.709	10.864	-34.15	-1.26	-174.78	3.013	-17.553	17.373	-0.03976	-0.07770	0.31314	-0.94562	25.9	null	null	13113	75
2026-05-27T14:21:45.972	WT901BLE68(F3:F0:16:BF:DC:AE)	-0.137	-0.449	0.717	19.043	-12.268	-14.404	-31.92	-1.52	-175.95	3.013	-17.553	17.373	-0.03976	-0.07770	0.31314	-0.94562	25.9	null	null	13113	75
2026-05-27T14:21:46.091	WT901BLE68(F3:F0:16:BF:DC:AE)	0.108	-0.532	0.787	18.738	-36.621	-25.940	-29.93	-4.41	-177.75	3.013	-17.553	17.373	-0.03976	-0.07770	0.31314	-0.94562	25.9	null	null	13113	75
2026-05-27T14:21:46.152	WT901BLE68(F3:F0:16:BF:DC:AE)	0.239	-0.434	0.730	8.667	-55.176	-36.194	-28.90	-9.56	-179.35	3.013	-17.553	17.373	-0.03976	-0.07770	0.31314	-0.94562	25.9	null	null	13113	75
2026-05-27T14:21:46.271	WT901BLE68(F3:F0:16:BF:DC:AE)	0.549	-0.623	0.841	-18.311	-56.702	-34.973	-29.86	-16.52	178.72	6.767	-20.867	13.273	-0.03976	-0.07770	0.31314	-0.94562	25.9	null	null	13113	75
2026-05-27T14:21:46.361	WT901BLE68(F3:F0:16:BF:DC:AE)	0.568	-0.615	0.702	5.005	-36.743	10.315	-31.73	-21.32	178.93	6.767	-20.867	13.273	-0.03976	-0.07770	0.31314	-0.94562	25.9	null	null	13113	75
2026-05-27T14:21:46.484	WT901BLE68(F3:F0:16:BF:DC:AE)	0.536	-0.577	0.775	-17.456	-21.179	18.433	-34.13	-23.11	-179.70	6.767	-20.867	13.273	-0.05850	-0.18005	0.27264	-0.94324	25.9	null	null	13113	75
2026-05-27T14:21:46.572	WT901BLE68(F3:F0:16:BF:DC:AE)	0.513	-0.600	0.769	-6.165	-19.653	33.630	-36.85	-23.43	-177.76	6.767	-20.867	13.273	-0.05850	-0.18005	0.27264	-0.94324	25.9	null	null	13113	75
2026-05-27T14:21:46.693	WT901BLE68(F3:F0:16:BF:DC:AE)	0.410	-0.562	0.751	-11.597	-15.442	33.386	-39.25	-22.78	-175.37	6.767	-20.867	13.273	-0.05850	-0.18005	0.27264	-0.94324	25.9	null	null	13113	75
2026-05-27T14:21:46.781	WT901BLE68(F3:F0:16:BF:DC:AE)	0.345	-0.578	0.825	-4.944	0.916	19.775	-40.82	-21.96	-174.31	6.767	-20.867	13.273	-0.05850	-0.18005	0.27264	-0.94324	25.9	null	null	13113	75
2026-05-27T14:21:46.902	WT901BLE68(F3:F0:16:BF:DC:AE)	0.247	-0.613	0.856	3.784	23.438	12.878	-40.83	-19.87	-175.76	6.767	-20.867	13.273	-0.05850	-0.18005	0.27264	-0.94324	25.9	null	null	13113	75
2026-05-27T14:21:46.961	WT901BLE68(F3:F0:16:BF:DC:AE)	0.185	-0.575	0.770	1.892	25.452	-0.549	-39.99	-17.52	-178.68	6.767	-20.867	13.273	-0.05850	-0.18005	0.27264	-0.94324	25.9	null	null	13113	75
2026-05-27T14:21:47.082	WT901BLE68(F3:F0:16:BF:DC:AE)	0.198	-0.562	0.710	15.259	17.212	-9.216	-38.34	-15.92	178.23	6.767	-20.867	13.273	-0.05850	-0.18005	0.27264	-0.94324	25.9	null	null	13113	75
2026-05-27T14:21:47.170	WT901BLE68(F3:F0:16:BF:DC:AE)	0.235	-0.594	0.724	8.057	2.991	-13.611	-36.86	-15.77	175.48	12.527	-27.740	1.733	-0.05850	-0.18005	0.27264	-0.94324	25.9	null	null	13113	75
2026-05-27T14:21:47.291	WT901BLE68(F3:F0:16:BF:DC:AE)	0.248	-0.761	0.702	24.963	-22.888	-2.991	-35.74	-16.84	174.03	12.527	-27.740	1.733	-0.05850	-0.18005	0.27264	-0.94324	25.9	null	null	13113	75
2026-05-27T14:21:47.382	WT901BLE68(F3:F0:16:BF:DC:AE)	0.377	-0.764	0.710	88.074	-63.538	63.538	-32.33	-18.66	178.79	12.527	-27.740	1.733	-0.08527	-0.13449	0.30017	-0.94043	25.9	null	null	13113	75
2026-05-27T14:21:47.503	WT901BLE68(F3:F0:16:BF:DC:AE)	0.359	-0.314	0.677	56.580	-67.383	64.453	-28.94	-20.61	-172.82	12.527	-27.740	1.733	-0.08527	-0.13449	0.30017	-0.94043	25.9	null	null	13113	75
2026-05-27T14:21:47.559	WT901BLE68(F3:F0:16:BF:DC:AE)	0.509	-0.235	0.817	-5.188	-45.715	7.507	-29.59	-23.99	-168.87	12.527	-27.740	1.733	-0.08527	-0.13449	0.30017	-0.94043	25.9	null	null	13113	75
2026-05-27T14:21:47.683	WT901BLE68(F3:F0:16:BF:DC:AE)	0.535	-0.281	0.747	-41.260	-30.334	-29.846	-32.54	-28.13	-170.67	12.527	-27.740	1.733	-0.08527	-0.13449	0.30017	-0.94043	25.9	null	null	13113	75
2026-05-27T14:21:47.772	WT901BLE68(F3:F0:16:BF:DC:AE)	0.601	-0.315	0.750	-75.195	-22.217	-45.532	-36.02	-32.67	-174.98	12.527	-27.740	1.733	-0.08527	-0.13449	0.30017	-0.94043	25.9	null	null	13113	75
2026-05-27T14:21:47.891	WT901BLE68(F3:F0:16:BF:DC:AE)	0.590	-0.414	0.649	-78.369	-9.155	-43.823	-37.99	-36.72	178.67	12.527	-27.740	1.733	-0.08527	-0.13449	0.30017	-0.94043	25.9	null	null	13113	75
2026-05-27T14:21:47.981	WT901BLE68(F3:F0:16:BF:DC:AE)	0.634	-0.521	0.556	-19.470	-6.348	-37.109	-40.94	-39.88	173.30	12.527	-27.740	1.733	-0.08527	-0.13449	0.30017	-0.94043	25.9	null	null	13113	75
2026-05-27T14:21:48.102	WT901BLE68(F3:F0:16:BF:DC:AE)	0.685	-0.572	0.537	-28.564	11.230	-19.043	-42.64	-41.31	168.91	24.093	-18.520	-18.780	-0.08527	-0.13449	0.30017	-0.94043	25.9	null	null	13113	75
2026-05-27T14:21:48.190	WT901BLE68(F3:F0:16:BF:DC:AE)	0.662	-0.531	0.587	-7.080	24.719	-7.690	-42.45	-40.51	164.32	24.093	-18.520	-18.780	-0.08527	-0.13449	0.30017	-0.94043	25.9	null	null	13113	75
2026-05-27T14:21:48.314	WT901BLE68(F3:F0:16:BF:DC:AE)	0.677	-0.459	0.621	-6.348	31.921	-0.793	-40.63	-38.65	159.99	24.093	-18.520	-18.780	-0.25171	-0.26575	0.37848	-0.85010	25.9	null	null	13113	75
2026-05-27T14:21:48.370	WT901BLE68(F3:F0:16:BF:DC:AE)	0.621	-0.448	0.620	4.578	33.081	3.540	-38.52	-35.86	156.21	24.093	-18.520	-18.780	-0.25171	-0.26575	0.37848	-0.85010	25.9	null	null	13113	75
2026-05-27T14:21:48.491	WT901BLE68(F3:F0:16:BF:DC:AE)	0.579	-0.425	0.574	1.038	21.179	-2.258	-36.89	-33.91	153.12	24.093	-18.520	-18.780	-0.25171	-0.26575	0.37848	-0.85010	25.9	null	null	13113	75
2026-05-27T14:21:48.581	WT901BLE68(F3:F0:16:BF:DC:AE)	0.558	-0.436	0.651	3.357	9.399	-9.094	-35.25	-33.42	150.50	24.093	-18.520	-18.780	-0.25171	-0.26575	0.37848	-0.85010	25.9	null	null	13113	75
2026-05-27T14:21:48.701	WT901BLE68(F3:F0:16:BF:DC:AE)	0.567	-0.440	0.667	11.841	-12.146	-13.245	-34.25	-34.45	148.50	24.093	-18.520	-18.780	-0.25171	-0.26575	0.37848	-0.85010	25.9	null	null	13113	75
2026-05-27T14:21:48.793	WT901BLE68(F3:F0:16:BF:DC:AE)	0.628	-0.470	0.700	8.423	-20.142	-5.005	-33.46	-36.41	147.42	24.093	-18.520	-18.780	-0.25171	-0.26575	0.37848	-0.85010	25.9	null	null	13113	75
2026-05-27T14:21:48.914	WT901BLE68(F3:F0:16:BF:DC:AE)	0.646	-0.461	0.559	-10.498	-18.677	10.803	-34.49	-38.12	147.90	24.093	-18.520	-18.780	-0.25171	-0.26575	0.37848	-0.85010	25.9	null	null	13113	75
2026-05-27T14:21:48.972	WT901BLE68(F3:F0:16:BF:DC:AE)	0.641	-0.392	0.703	-8.972	-7.446	7.263	-35.71	-38.59	148.49	24.227	-11.220	-11.060	-0.25171	-0.26575	0.37848	-0.85010	25.9	null	null	13113	75
2026-05-27T14:21:49.092	WT901BLE68(F3:F0:16:BF:DC:AE)	0.621	-0.432	0.732	-10.132	-0.305	8.667	-36.62	-38.51	148.34	24.227	-11.220	-11.060	-0.25171	-0.26575	0.37848	-0.85010	25.9	null	null	13113	75
2026-05-27T14:21:49.179	WT901BLE68(F3:F0:16:BF:DC:AE)	0.604	-0.469	0.672	4.395	16.479	15.442	-36.91	-37.38	147.86	24.227	-11.220	-11.060	-0.34515	-0.21774	0.37286	-0.83325	25.9	null	null	13113	75
2026-05-27T14:21:49.301	WT901BLE68(F3:F0:16:BF:DC:AE)	0.538	-0.481	0.673	1.831	20.874	17.395	-36.10	-34.74	147.01	24.227	-11.220	-11.060	-0.34515	-0.21774	0.37286	-0.83325	25.9	null	null	13113	75
2026-05-27T14:21:49.396	WT901BLE68(F3:F0:16:BF:DC:AE)	0.493	-0.419	0.635	3.113	10.315	16.235	-35.39	-32.32	146.77	24.227	-11.220	-11.060	-0.34515	-0.21774	0.37286	-0.83325	25.9	null	null	13113	75
2026-05-27T14:21:49.512	WT901BLE68(F3:F0:16:BF:DC:AE)	0.519	-0.441	0.664	9.216	-12.939	-1.953	-34.51	-31.93	146.98	24.227	-11.220	-11.060	-0.34515	-0.21774	0.37286	-0.83325	25.9	null	null	13113	75
2026-05-27T14:21:49.600	WT901BLE68(F3:F0:16:BF:DC:AE)	0.603	-0.486	0.641	12.817	-20.569	-1.892	-33.73	-33.54	147.33	24.227	-11.220	-11.060	-0.34515	-0.21774	0.37286	-0.83325	25.9	null	null	13113	75
2026-05-27T14:21:49.723	WT901BLE68(F3:F0:16:BF:DC:AE)	0.628	-0.513	0.674	15.808	-24.841	5.493	-33.71	-35.38	148.51	24.227	-11.220	-11.060	-0.34515	-0.21774	0.37286	-0.83325	25.9	null	null	13113	75
2026-05-27T14:21:49.779	WT901BLE68(F3:F0:16:BF:DC:AE)	0.648	-0.518	0.636	18.799	-30.518	15.686	-34.50	-37.19	150.80	24.227	-11.220	-11.060	-0.34515	-0.21774	0.37286	-0.83325	25.9	null	null	13113	75
