time	DeviceName	AccX(g)	AccY(g)	AccZ(g)	AsX(°/s)	AsY(°/s)	AsZ(°/s)	AngleX(°)	AngleY(°)	AngleZ(°)	HX(uT)	HY(uT)	HZ(uT)	Q0()	Q1()	Q2()	Q3()	Temperature(°C)	Height(m)	Pressure(kPa)	Version()	Battery level(%)
2026-05-27T16:24:22.283	WT901BLE68(F3:F0:16:BF:DC:AE)	0.059	0.913	0.006	-2.136	-92.163	2.075	86.09	-0.10	-8.63	-17.253	19.853	-72.527	-0.68652	-0.72440	0.05423	0.03003	25.9	null	null	13113	75
2026-05-27T16:24:22.342	WT901BLE68(F3:F0:16:BF:DC:AE)	0.319	0.970	0.034	36.194	59.082	-7.629	87.75	0.19	-12.50	-17.253	19.853	-72.527	-0.68652	-0.72440	0.05423	0.03003	25.9	null	null	13113	75
2026-05-27T16:24:22.462	WT901BLE68(F3:F0:16:BF:DC:AE)	0.034	0.985	0.148	6.897	-1.709	-12.390	89.02	1.71	-11.41	-17.253	19.853	-72.527	-0.68652	-0.72440	0.05423	0.03003	25.9	null	null	13113	75
2026-05-27T16:24:22.552	WT901BLE68(F3:F0:16:BF:DC:AE)	-0.253	1.020	-0.089	9.338	-20.447	-16.052	89.37	3.63	-11.15	-17.253	19.853	-72.527	-0.68652	-0.72440	0.05423	0.03003	25.9	null	null	13113	75
2026-05-27T16:24:22.675	WT901BLE68(F3:F0:16:BF:DC:AE)	0.018	1.000	0.053	-25.146	-31.494	-14.954	87.62	5.17	-16.52	-17.253	19.853	-72.527	-0.68652	-0.72440	0.05423	0.03003	25.9	null	null	13113	75
2026-05-27T16:24:22.762	WT901BLE68(F3:F0:16:BF:DC:AE)	-0.230	0.991	0.160	-35.522	2.930	-14.038	84.87	6.65	-16.06	-27.313	33.760	-62.687	-0.68652	-0.72440	0.05423	0.03003	25.9	null	null	13113	75
2026-05-27T16:24:22.883	WT901BLE68(F3:F0:16:BF:DC:AE)	-0.128	0.918	0.111	-45.959	-16.907	-20.691	80.14	8.29	-18.04	-27.313	33.760	-62.687	-0.68652	-0.72440	0.05423	0.03003	25.9	null	null	13113	75
2026-05-27T16:24:22.941	WT901BLE68(F3:F0:16:BF:DC:AE)	-0.027	0.974	0.315	-53.467	28.564	-21.790	74.45	10.26	-18.76	-27.313	33.760	-62.687	-0.76135	-0.62216	0.03955	0.17770	25.9	null	null	13113	75
2026-05-27T16:24:23.066	WT901BLE68(F3:F0:16:BF:DC:AE)	-0.393	0.923	0.312	-48.218	22.644	-21.606	69.21	12.11	-17.12	-27.313	33.760	-62.687	-0.76135	-0.62216	0.03955	0.17770	25.9	null	null	13113	75
2026-05-27T16:24:23.154	WT901BLE68(F3:F0:16:BF:DC:AE)	-0.339	0.893	0.424	-38.147	-5.005	-18.433	64.44	13.34	-18.92	-27.313	33.760	-62.687	-0.76135	-0.62216	0.03955	0.17770	25.9	null	null	13113	75
2026-05-27T16:24:23.272	WT901BLE68(F3:F0:16:BF:DC:AE)	-0.368	0.858	0.511	-31.250	-17.273	-19.348	60.78	14.58	-21.01	-27.313	33.760	-62.687	-0.76135	-0.62216	0.03955	0.17770	25.9	null	null	13113	75
2026-05-27T16:24:23.363	WT901BLE68(F3:F0:16:BF:DC:AE)	-0.299	0.861	0.537	-24.048	-9.888	-15.747	57.99	15.65	-23.10	-27.313	33.760	-62.687	-0.76135	-0.62216	0.03955	0.17770	25.9	null	null	13113	75
2026-05-27T16:24:23.485	WT901BLE68(F3:F0:16:BF:DC:AE)	-0.307	0.842	0.559	-13.550	-6.348	-11.230	55.97	16.41	-25.02	-27.313	33.760	-62.687	-0.76135	-0.62216	0.03955	0.17770	25.9	null	null	13113	75
2026-05-27T16:24:23.573	WT901BLE68(F3:F0:16:BF:DC:AE)	-0.240	0.781	0.620	-0.549	0.122	-1.404	55.37	16.35	-26.19	-27.313	33.760	-62.687	-0.76135	-0.62216	0.03955	0.17770	25.9	null	null	13113	75
2026-05-27T16:24:23.692	WT901BLE68(F3:F0:16:BF:DC:AE)	-0.319	0.825	0.562	8.667	-6.531	7.263	55.79	16.02	-26.22	-42.147	45.973	-34.213	-0.76135	-0.62216	0.03955	0.17770	25.9	null	null	13113	75
2026-05-27T16:24:23.752	WT901BLE68(F3:F0:16:BF:DC:AE)	-0.293	0.776	0.565	20.569	-2.991	8.789	57.28	15.21	-26.39	-42.147	45.973	-34.213	-0.76135	-0.62216	0.03955	0.17770	25.9	null	null	13113	75
2026-05-27T16:24:23.870	WT901BLE68(F3:F0:16:BF:DC:AE)	-0.277	0.818	0.516	26.672	-5.859	9.033	59.64	14.48	-26.36	-42.147	45.973	-34.213	-0.82880	-0.49615	-0.00049	0.25851	25.9	null	null	13113	75
2026-05-27T16:24:23.963	WT901BLE68(F3:F0:16:BF:DC:AE)	-0.278	0.923	0.412	28.076	-6.470	14.771	62.25	13.61	-26.47	-42.147	45.973	-34.213	-0.82880	-0.49615	-0.00049	0.25851	25.9	null	null	13113	75
2026-05-27T16:24:24.114	WT901BLE68(F3:F0:16:BF:DC:AE)	-0.137	0.894	0.433	20.813	-7.935	5.493	64.69	12.42	-27.21	-42.147	45.973	-34.213	-0.82880	-0.49615	-0.00049	0.25851	25.9	null	null	13113	75
2026-05-27T16:24:24.173	WT901BLE68(F3:F0:16:BF:DC:AE)	-0.391	0.741	0.498	4.395	1.465	-4.150	65.85	12.59	-26.76	-42.147	45.973	-34.213	-0.82880	-0.49615	-0.00049	0.25851	25.9	null	null	13113	75
2026-05-27T16:24:24.294	WT901BLE68(F3:F0:16:BF:DC:AE)	-0.071	0.873	0.457	4.517	-27.588	-10.010	65.92	12.76	-28.76	-42.147	45.973	-34.213	-0.82880	-0.49615	-0.00049	0.25851	25.9	null	null	13113	75
2026-05-27T16:24:24.354	WT901BLE68(F3:F0:16:BF:DC:AE)	0.036	0.939	0.499	-23.743	35.828	8.972	64.94	12.83	-28.81	-42.147	45.973	-34.213	-0.82880	-0.49615	-0.00049	0.25851	25.9	null	null	13113	75
2026-05-27T16:24:24.477	WT901BLE68(F3:F0:16:BF:DC:AE)	-0.390	0.873	0.376	-38.757	43.457	4.822	62.52	13.33	-24.46	-42.147	45.973	-34.213	-0.82880	-0.49615	-0.00049	0.25851	25.9	null	null	13113	75
2026-05-27T16:24:24.594	WT901BLE68(F3:F0:16:BF:DC:AE)	-0.364	0.770	0.495	-31.189	8.850	-10.193	59.62	14.69	-22.92	-35.653	45.640	-40.540	-0.82880	-0.49615	-0.00049	0.25851	25.9	null	null	13113	75
2026-05-27T16:24:24.687	WT901BLE68(F3:F0:16:BF:DC:AE)	-0.279	0.769	0.550	-25.330	-15.808	-16.541	56.85	16.16	-24.01	-35.653	45.640	-40.540	-0.82880	-0.49615	-0.00049	0.25851	25.9	null	null	13113	75
2026-05-27T16:24:24.778	WT901BLE68(F3:F0:16:BF:DC:AE)	-0.282	0.929	0.514	-20.569	10.925	-2.075	54.38	17.28	-24.95	-35.653	45.640	-40.540	-0.84183	-0.47391	-0.02835	0.25650	25.9	null	null	13113	75
2026-05-27T16:24:24.895	WT901BLE68(F3:F0:16:BF:DC:AE)	-0.266	0.613	0.623	-20.996	-1.770	-5.371	52.42	17.52	-25.79	-35.653	45.640	-40.540	-0.84183	-0.47391	-0.02835	0.25650	25.9	null	null	13113	75
2026-05-27T16:24:24.983	WT901BLE68(F3:F0:16:BF:DC:AE)	-0.339	0.705	0.630	-12.024	-4.089	-9.644	50.97	18.49	-26.03	-35.653	45.640	-40.540	-0.84183	-0.47391	-0.02835	0.25650	25.9	null	null	13113	75
2026-05-27T16:24:25.104	WT901BLE68(F3:F0:16:BF:DC:AE)	-0.312	0.690	0.621	-15.381	2.380	-5.981	49.68	19.50	-26.61	-35.653	45.640	-40.540	-0.84183	-0.47391	-0.02835	0.25650	25.9	null	null	13113	75
2026-05-27T16:24:25.161	WT901BLE68(F3:F0:16:BF:DC:AE)	-0.429	0.676	0.614	-11.902	2.197	-7.690	48.29	20.49	-26.78	-35.653	45.640	-40.540	-0.84183	-0.47391	-0.02835	0.25650	25.9	null	null	13113	75
2026-05-27T16:24:25.285	WT901BLE68(F3:F0:16:BF:DC:AE)	-0.268	0.713	0.646	-14.832	2.747	-11.169	46.85	21.02	-27.83	-35.653	45.640	-40.540	-0.84183	-0.47391	-0.02835	0.25650	25.9	null	null	13113	75
2026-05-27T16:24:25.371	WT901BLE68(F3:F0:16:BF:DC:AE)	-0.384	0.539	0.696	-16.663	14.771	-9.033	45.08	22.26	-28.42	-35.653	45.640	-40.540	-0.84183	-0.47391	-0.02835	0.25650	25.9	null	null	13113	75
2026-05-27T16:24:25.493	WT901BLE68(F3:F0:16:BF:DC:AE)	-0.391	0.543	0.711	-16.968	8.057	-10.742	42.91	23.30	-29.18	-44.680	46.233	-25.333	-0.84183	-0.47391	-0.02835	0.25650	25.9	null	null	13113	75
2026-05-27T16:24:25.586	WT901BLE68(F3:F0:16:BF:DC:AE)	-0.443	0.595	0.737	-11.475	9.338	-7.202	41.20	24.74	-29.47	-44.680	46.233	-25.333	-0.84183	-0.47391	-0.02835	0.25650	25.9	null	null	13113	75
2026-05-27T16:24:25.705	WT901BLE68(F3:F0:16:BF:DC:AE)	-0.471	0.600	0.743	-4.150	3.845	-11.597	39.73	25.51	-30.77	-44.680	46.233	-25.333	-0.86514	-0.37698	-0.11032	0.31161	25.9	null	null	13113	75
2026-05-27T16:24:25.763	WT901BLE68(F3:F0:16:BF:DC:AE)	-0.497	0.610	0.693	-6.531	13.855	-8.179	38.59	26.34	-31.96	-44.680	46.233	-25.333	-0.86514	-0.37698	-0.11032	0.31161	25.9	null	null	13113	75
2026-05-27T16:24:25.884	WT901BLE68(F3:F0:16:BF:DC:AE)	-0.508	0.564	0.677	-14.465	1.160	-14.587	37.10	27.20	-33.30	-44.680	46.233	-25.333	-0.86514	-0.37698	-0.11032	0.31161	25.9	null	null	13113	75
2026-05-27T16:24:25.976	WT901BLE68(F3:F0:16:BF:DC:AE)	-0.535	0.463	0.669	-10.376	-10.498	-19.226	35.21	28.20	-35.24	-44.680	46.233	-25.333	-0.86514	-0.37698	-0.11032	0.31161	25.9	null	null	13113	75
2026-05-27T16:24:26.098	WT901BLE68(F3:F0:16:BF:DC:AE)	-0.502	0.549	0.771	-5.676	2.197	-18.738	33.52	29.03	-37.85	-44.680	46.233	-25.333	-0.86514	-0.37698	-0.11032	0.31161	25.9	null	null	13113	75
2026-05-27T16:24:26.185	WT901BLE68(F3:F0:16:BF:DC:AE)	-0.484	0.417	0.736	-11.719	-7.202	-12.695	31.92	29.36	-39.97	-44.680	46.233	-25.333	-0.86514	-0.37698	-0.11032	0.31161	25.9	null	null	13113	75
2026-05-27T16:24:26.306	WT901BLE68(F3:F0:16:BF:DC:AE)	-0.466	0.406	0.747	-12.512	-0.061	-12.146	29.83	29.69	-41.74	-44.680	46.233	-25.333	-0.86514	-0.37698	-0.11032	0.31161	25.9	null	null	13113	75
2026-05-27T16:24:26.363	WT901BLE68(F3:F0:16:BF:DC:AE)	-0.495	0.354	0.829	-20.386	-5.554	-3.784	27.47	29.89	-43.03	-56.660	41.213	-14.100	-0.86514	-0.37698	-0.11032	0.31161	25.9	null	null	13113	75
2026-05-27T16:24:26.516	WT901BLE68(F3:F0:16:BF:DC:AE)	-0.542	0.324	0.750	-20.203	-0.732	-2.930	25.59	29.93	-43.42	-56.660	41.213	-14.100	-0.86514	-0.37698	-0.11032	0.31161	25.9	null	null	13113	75
2026-05-27T16:24:26.577	WT901BLE68(F3:F0:16:BF:DC:AE)	-0.574	0.275	0.770	-16.235	-0.854	-11.292	23.58	30.45	-44.22	-56.660	41.213	-14.100	-0.85495	-0.28458	-0.16040	0.40277	25.9	null	null	13113	75
2026-05-27T16:24:26.693	WT901BLE68(F3:F0:16:BF:DC:AE)	-0.508	0.273	0.825	-15.747	-1.526	-12.390	21.51	31.14	-45.74	-56.660	41.213	-14.100	-0.85495	-0.28458	-0.16040	0.40277	25.9	null	null	13113	75
2026-05-27T16:24:26.784	WT901BLE68(F3:F0:16:BF:DC:AE)	-0.579	0.192	0.768	-14.160	-9.644	-14.832	19.41	31.36	-47.47	-56.660	41.213	-14.100	-0.85495	-0.28458	-0.16040	0.40277	25.9	null	null	13113	75
2026-05-27T16:24:26.907	WT901BLE68(F3:F0:16:BF:DC:AE)	-0.564	0.230	0.800	-7.568	-8.362	-12.085	17.34	31.57	-49.46	-56.660	41.213	-14.100	-0.85495	-0.28458	-0.16040	0.40277	25.9	null	null	13113	75
2026-05-27T16:24:26.996	WT901BLE68(F3:F0:16:BF:DC:AE)	-0.495	0.253	0.869	-7.385	-7.080	-11.780	15.53	31.21	-51.42	-56.660	41.213	-14.100	-0.85495	-0.28458	-0.16040	0.40277	25.9	null	null	13113	75
2026-05-27T16:24:27.115	WT901BLE68(F3:F0:16:BF:DC:AE)	-0.524	0.171	0.836	-12.085	1.404	-2.441	13.69	30.92	-52.67	-56.660	41.213	-14.100	-0.85495	-0.28458	-0.16040	0.40277	25.9	null	null	13113	75
2026-05-27T16:24:27.175	WT901BLE68(F3:F0:16:BF:DC:AE)	-0.485	0.221	0.904	-15.686	-8.606	-2.258	11.91	30.25	-53.40	-56.660	41.213	-14.100	-0.85495	-0.28458	-0.16040	0.40277	25.9	null	null	13113	75
2026-05-27T16:24:27.296	WT901BLE68(F3:F0:16:BF:DC:AE)	-0.495	0.093	0.862	-9.705	-4.517	3.357	10.52	29.57	-53.64	-62.513	33.687	-2.360	-0.85495	-0.28458	-0.16040	0.40277	25.9	null	null	13113	75
2026-05-27T16:24:27.387	WT901BLE68(F3:F0:16:BF:DC:AE)	-0.469	0.149	0.841	-5.371	-6.165	1.953	10.09	29.15	-53.55	-62.513	33.687	-2.360	-0.85495	-0.28458	-0.16040	0.40277	25.9	null	null	13113	75
2026-05-27T16:24:27.503	WT901BLE68(F3:F0:16:BF:DC:AE)	-0.471	0.064	0.835	-4.028	-7.080	-5.615	9.57	28.42	-54.04	-62.513	33.687	-2.360	-0.85141	-0.18604	-0.18311	0.45480	25.9	null	null	13113	75
2026-05-27T16:24:27.596	WT901BLE68(F3:F0:16:BF:DC:AE)	-0.465	0.139	0.855	-1.099	-9.033	-6.287	9.30	28.55	-54.79	-62.513	33.687	-2.360	-0.85141	-0.18604	-0.18311	0.45480	25.9	null	null	13113	75
2026-05-27T16:24:27.715	WT901BLE68(F3:F0:16:BF:DC:AE)	-0.473	0.153	0.841	-8.972	-12.756	-5.737	8.29	27.63	-55.77	-62.513	33.687	-2.360	-0.85141	-0.18604	-0.18311	0.45480	25.9	null	null	13113	75
2026-05-27T16:24:27.806	WT901BLE68(F3:F0:16:BF:DC:AE)	-0.381	0.178	0.928	-12.756	-12.390	-0.305	7.27	26.70	-56.41	-62.513	33.687	-2.360	-0.85141	-0.18604	-0.18311	0.45480	25.9	null	null	13113	75
2026-05-27T16:24:27.924	WT901BLE68(F3:F0:16:BF:DC:AE)	-0.406	0.092	0.945	-22.095	-7.690	-0.366	5.56	25.61	-56.70	-62.513	33.687	-2.360	-0.85141	-0.18604	-0.18311	0.45480	25.9	null	null	13113	75
2026-05-27T16:24:27.985	WT901BLE68(F3:F0:16:BF:DC:AE)	-0.474	-0.027	0.892	-22.583	-2.563	1.587	3.25	24.50	-56.84	-62.513	33.687	-2.360	-0.85141	-0.18604	-0.18311	0.45480	25.9	null	null	13113	75
2026-05-27T16:24:28.106	WT901BLE68(F3:F0:16:BF:DC:AE)	-0.362	-0.027	0.938	-11.597	-11.230	-3.418	1.56	23.65	-57.42	-62.513	33.687	-2.360	-0.85141	-0.18604	-0.18311	0.45480	25.9	null	null	13113	75
2026-05-27T16:24:28.191	WT901BLE68(F3:F0:16:BF:DC:AE)	-0.372	-0.014	0.965	-12.939	-6.531	3.174	0.26	22.80	-57.62	-60.360	28.433	8.153	-0.85141	-0.18604	-0.18311	0.45480	25.9	null	null	13113	75
2026-05-27T16:24:28.315	WT901BLE68(F3:F0:16:BF:DC:AE)	-0.416	-0.049	0.867	-16.479	-2.136	7.507	-0.81	22.75	-57.08	-60.360	28.433	8.153	-0.85141	-0.18604	-0.18311	0.45480	25.9	null	null	13113	75
2026-05-27T16:24:28.404	WT901BLE68(F3:F0:16:BF:DC:AE)	-0.368	-0.089	0.920	-8.179	-9.827	-4.272	-2.01	22.30	-57.14	-60.360	28.433	8.153	-0.86285	-0.08279	-0.17822	0.46555	25.9	null	null	13113	75
2026-05-27T16:24:28.527	WT901BLE68(F3:F0:16:BF:DC:AE)	-0.370	-0.081	0.976	-8.057	-2.136	-3.174	-3.06	21.88	-57.82	-60.360	28.433	8.153	-0.86285	-0.08279	-0.17822	0.46555	25.9	null	null	13113	75
2026-05-27T16:24:28.582	WT901BLE68(F3:F0:16:BF:DC:AE)	-0.354	-0.084	0.929	1.343	1.526	-2.014	-3.30	21.79	-58.23	-60.360	28.433	8.153	-0.86285	-0.08279	-0.17822	0.46555	25.9	null	null	13113	75
2026-05-27T16:24:28.705	WT901BLE68(F3:F0:16:BF:DC:AE)	-0.305	-0.093	0.901	8.240	4.700	-5.493	-2.65	22.21	-58.83	-60.360	28.433	8.153	-0.86285	-0.08279	-0.17822	0.46555	25.9	null	null	13113	75
2026-05-27T16:24:28.792	WT901BLE68(F3:F0:16:BF:DC:AE)	-0.334	-0.009	1.067	39.368	17.639	16.602	0.11	23.42	-58.49	-60.360	28.433	8.153	-0.86285	-0.08279	-0.17822	0.46555	25.9	null	null	13113	75
2026-05-27T16:24:28.914	WT901BLE68(F3:F0:16:BF:DC:AE)	-0.513	0.049	0.987	53.040	25.391	23.743	6.08	25.24	-55.69	-60.360	28.433	8.153	-0.86285	-0.08279	-0.17822	0.46555	25.9	null	null	13113	75
2026-05-27T16:24:29.005	WT901BLE68(F3:F0:16:BF:DC:AE)	-0.449	0.152	0.890	56.519	35.583	28.564	13.34	27.38	-52.29	-60.360	28.433	8.153	-0.86285	-0.08279	-0.17822	0.46555	25.9	null	null	13113	75
2026-05-27T16:24:29.120	WT901BLE68(F3:F0:16:BF:DC:AE)	-0.515	0.387	0.824	52.185	11.169	37.781	20.12	28.36	-48.35	-57.660	37.333	-4.347	-0.86285	-0.08279	-0.17822	0.46555	25.9	null	null	13113	75
2026-05-27T16:24:29.215	WT901BLE68(F3:F0:16:BF:DC:AE)	-0.499	0.471	0.789	43.457	-5.859	27.710	25.99	27.24	-45.29	-57.660	37.333	-4.347	-0.86285	-0.08279	-0.17822	0.46555	25.9	null	null	13113	75
2026-05-27T16:24:29.301	WT901BLE68(F3:F0:16:BF:DC:AE)	-0.439	0.452	0.722	31.799	2.197	22.949	30.40	25.96	-42.74	-57.660	37.333	-4.347	-0.85413	-0.30960	-0.11334	0.40210	25.9	null	null	13113	75
2026-05-27T16:24:29.393	WT901BLE68(F3:F0:16:BF:DC:AE)	-0.464	0.495	0.758	31.799	-6.165	21.790	34.01	25.11	-40.58	-57.660	37.333	-4.347	-0.85413	-0.30960	-0.11334	0.40210	25.9	null	null	13113	75
2026-05-27T16:24:29.545	WT901BLE68(F3:F0:16:BF:DC:AE)	-0.440	0.521	0.759	31.738	-6.226	14.954	37.29	23.58	-39.48	-57.660	37.333	-4.347	-0.85413	-0.30960	-0.11334	0.40210	25.9	null	null	13113	75
2026-05-27T16:24:29.603	WT901BLE68(F3:F0:16:BF:DC:AE)	-0.457	0.615	0.624	33.508	-11.108	9.705	40.58	22.69	-38.37	-57.660	37.333	-4.347	-0.85413	-0.30960	-0.11334	0.40210	25.9	null	null	13113	75
2026-05-27T16:24:29.724	WT901BLE68(F3:F0:16:BF:DC:AE)	-0.286	0.683	0.628	34.302	-25.330	8.301	43.78	20.96	-38.94	-57.660	37.333	-4.347	-0.85413	-0.30960	-0.11334	0.40210	25.9	null	null	13113	75
2026-05-27T16:24:29.814	WT901BLE68(F3:F0:16:BF:DC:AE)	-0.388	0.745	0.567	26.489	-17.334	9.216	47.41	19.87	-38.34	-57.660	37.333	-4.347	-0.85413	-0.30960	-0.11334	0.40210	25.9	null	null	13113	75
2026-05-27T16:24:29.932	WT901BLE68(F3:F0:16:BF:DC:AE)	-0.326	0.732	0.565	28.442	-7.935	7.080	49.98	18.33	-38.68	-57.660	37.333	-4.347	-0.85413	-0.30960	-0.11334	0.40210	25.9	null	null	13113	75
2026-05-27T16:24:29.990	WT901BLE68(F3:F0:16:BF:DC:AE)	-0.265	0.779	0.545	27.161	-2.991	12.451	52.90	17.48	-38.22	-42.673	46.320	-32.680	-0.85413	-0.30960	-0.11334	0.40210	25.9	null	null	13113	75
2026-05-27T16:24:30.114	WT901BLE68(F3:F0:16:BF:DC:AE)	-0.292	0.783	0.437	20.996	-3.906	12.512	55.39	16.24	-37.05	-42.673	46.320	-32.680	-0.85413	-0.30960	-0.11334	0.40210	25.9	null	null	13113	75
2026-05-27T16:24:30.202	WT901BLE68(F3:F0:16:BF:DC:AE)	-0.248	0.822	0.505	23.865	5.737	15.320	58.11	15.34	-35.23	-42.673	46.320	-32.680	-0.80713	-0.48816	0.03174	0.33029	25.9	null	null	13113	75
2026-05-27T16:24:30.324	WT901BLE68(F3:F0:16:BF:DC:AE)	-0.275	0.829	0.441	28.809	16.052	20.203	61.12	14.15	-33.13	-42.673	46.320	-32.680	-0.80713	-0.48816	0.03174	0.33029	25.9	null	null	13113	75
2026-05-27T16:24:30.414	WT901BLE68(F3:F0:16:BF:DC:AE)	-0.273	0.915	0.401	35.278	5.066	17.883	64.41	13.02	-31.36	-42.673	46.320	-32.680	-0.80713	-0.48816	0.03174	0.33029	25.9	null	null	13113	75
2026-05-27T16:24:30.564	WT901BLE68(F3:F0:16:BF:DC:AE)	-0.226	0.968	0.337	31.372	12.268	18.921	68.03	11.94	-29.83	-42.673	46.320	-32.680	-0.80713	-0.48816	0.03174	0.33029	25.9	null	null	13113	75
2026-05-27T16:24:30.590	WT901BLE68(F3:F0:16:BF:DC:AE)	-0.160	1.018	0.286	30.884	-0.122	15.808	71.26	10.56	-28.67	-42.673	46.320	-32.680	-0.80713	-0.48816	0.03174	0.33029	25.9	null	null	13113	75
2026-05-27T16:24:30.753	WT901BLE68(F3:F0:16:BF:DC:AE)	-0.209	0.972	0.273	26.367	20.630	15.686	74.26	9.34	-26.99	-42.673	46.320	-32.680	-0.80713	-0.48816	0.03174	0.33029	25.9	null	null	13113	75
2026-05-27T16:24:30.804	WT901BLE68(F3:F0:16:BF:DC:AE)	-0.206	0.990	0.172	29.541	11.658	14.221	77.31	8.32	-24.60	-42.673	46.320	-32.680	-0.80713	-0.48816	0.03174	0.33029	25.9	null	null	13113	75
2026-05-27T16:24:30.921	WT901BLE68(F3:F0:16:BF:DC:AE)	-0.129	0.985	0.120	21.912	-5.676	15.137	80.10	6.99	-23.51	-25.700	38.240	-57.873	-0.80713	-0.48816	0.03174	0.33029	25.9	null	null	13113	75
2026-05-27T16:24:31.012	WT901BLE68(F3:F0:16:BF:DC:AE)	-0.158	1.011	0.107	26.367	5.981	16.113	82.86	5.48	-22.28	-25.700	38.240	-57.873	-0.80713	-0.48816	0.03174	0.33029	25.9	null	null	13113	75
2026-05-27T16:24:31.133	WT901BLE68(F3:F0:16:BF:DC:AE)	-0.018	0.992	0.055	26.184	-6.958	17.822	85.67	3.99	-21.83	-25.700	38.240	-57.873	-0.72104	-0.66522	0.09723	0.16730	25.9	null	null	13113	75
2026-05-27T16:24:31.227	WT901BLE68(F3:F0:16:BF:DC:AE)	0.017	0.996	-0.011	28.503	5.127	20.874	88.44	2.03	-20.93	-25.700	38.240	-57.873	-0.72104	-0.66522	0.09723	0.16730	25.9	null	null	13113	75
2026-05-27T16:24:31.343	WT901BLE68(F3:F0:16:BF:DC:AE)	0.065	0.980	-0.008	21.851	-2.747	17.029	90.93	-0.06	-20.07	-25.700	38.240	-57.873	-0.72104	-0.66522	0.09723	0.16730	25.9	null	null	13113	75
2026-05-27T16:24:31.403	WT901BLE68(F3:F0:16:BF:DC:AE)	0.066	0.934	-0.114	29.358	3.113	23.499	93.03	-1.80	-19.36	-25.700	38.240	-57.873	-0.72104	-0.66522	0.09723	0.16730	25.9	null	null	13113	75
