time	DeviceName	AccX(g)	AccY(g)	AccZ(g)	AsX(°/s)	AsY(°/s)	AsZ(°/s)	AngleX(°)	AngleY(°)	AngleZ(°)	HX(uT)	HY(uT)	HZ(uT)	Q0()	Q1()	Q2()	Q3()	Temperature(°C)	Height(m)	Pressure(kPa)	Version()	Battery level(%)
2026-05-27T17:02:12.567	WT901BLE68(F3:F0:16:BF:DC:AE)	0.190	0.928	0.249	-21.973	3.174	7.080	84.01	-3.50	-45.04	-47.793	25.947	-62.220	-0.65961	-0.67191	0.27466	0.19470	25.3	null	null	13113	60
2026-05-27T17:02:12.640	WT901BLE68(F3:F0:16:BF:DC:AE)	0.028	0.937	0.162	-17.944	39.917	14.832	81.74	-4.39	-41.25	-47.793	25.947	-62.220	-0.65961	-0.67191	0.27466	0.19470	25.3	null	null	13113	60
2026-05-27T17:02:12.760	WT901BLE68(F3:F0:16:BF:DC:AE)	0.125	0.937	0.058	-22.217	13.184	15.076	79.55	-5.26	-38.53	-49.987	34.593	-52.467	-0.65961	-0.67191	0.27466	0.19470	25.3	null	null	13113	60
2026-05-27T17:02:12.819	WT901BLE68(F3:F0:16:BF:DC:AE)	0.107	1.020	0.107	-7.263	49.988	11.047	77.96	-5.75	-35.71	-49.987	34.593	-52.467	-0.65961	-0.67191	0.27466	0.19470	25.3	null	null	13113	60
2026-05-27T17:02:12.943	WT901BLE68(F3:F0:16:BF:DC:AE)	-0.047	0.999	0.174	-17.761	5.920	0.854	77.11	-5.58	-33.07	-49.987	34.593	-52.467	-0.65961	-0.67191	0.27466	0.19470	25.3	null	null	13113	60
2026-05-27T17:02:13.031	WT901BLE68(F3:F0:16:BF:DC:AE)	0.148	0.966	0.261	-19.348	28.015	4.089	75.25	-5.37	-32.79	-49.987	34.593	-52.467	-0.75949	-0.58252	0.21335	0.19550	25.3	null	null	13113	60
2026-05-27T17:02:13.151	WT901BLE68(F3:F0:16:BF:DC:AE)	0.043	0.944	0.313	-9.460	8.179	3.540	73.71	-5.13	-30.39	-49.987	34.593	-52.467	-0.75949	-0.58252	0.21335	0.19550	25.3	null	null	13113	60
2026-05-27T17:02:13.243	WT901BLE68(F3:F0:16:BF:DC:AE)	0.093	0.959	0.294	-10.620	-9.033	-3.784	72.86	-5.02	-30.57	-49.987	34.593	-52.467	-0.75949	-0.58252	0.21335	0.19550	25.3	null	null	13113	60
2026-05-27T17:02:13.361	WT901BLE68(F3:F0:16:BF:DC:AE)	0.129	0.969	0.313	-10.132	-12.390	-4.150	71.99	-4.72	-31.64	-49.987	34.593	-52.467	-0.75949	-0.58252	0.21335	0.19550	25.3	null	null	13113	60
2026-05-27T17:02:13.449	WT901BLE68(F3:F0:16:BF:DC:AE)	0.185	0.971	0.346	-7.568	6.714	2.991	71.17	-4.89	-32.75	-49.987	34.593	-52.467	-0.75949	-0.58252	0.21335	0.19550	25.3	null	null	13113	60
2026-05-27T17:02:13.571	WT901BLE68(F3:F0:16:BF:DC:AE)	0.067	0.939	0.357	-4.700	12.329	5.554	70.53	-5.11	-31.62	-49.987	34.593	-52.467	-0.75949	-0.58252	0.21335	0.19550	25.3	null	null	13113	60
2026-05-27T17:02:13.629	WT901BLE68(F3:F0:16:BF:DC:AE)	0.033	0.958	0.372	-4.822	14.587	5.432	69.97	-5.34	-30.72	-42.960	41.567	-47.240	-0.75949	-0.58252	0.21335	0.19550	25.3	null	null	13113	60
2026-05-27T17:02:13.752	WT901BLE68(F3:F0:16:BF:DC:AE)	0.074	0.922	0.347	-7.751	-0.122	-0.244	69.16	-5.24	-30.63	-42.960	41.567	-47.240	-0.75949	-0.58252	0.21335	0.19550	25.3	null	null	13113	60
2026-05-27T17:02:13.837	WT901BLE68(F3:F0:16:BF:DC:AE)	0.221	0.902	0.361	-2.014	16.235	9.338	68.58	-5.42	-30.40	-42.960	41.567	-47.240	-0.80188	-0.53360	0.18634	0.19345	25.3	null	null	13113	60
2026-05-27T17:02:13.960	WT901BLE68(F3:F0:16:BF:DC:AE)	-0.055	0.935	0.396	0.305	4.822	6.653	68.44	-5.77	-28.41	-42.960	41.567	-47.240	-0.80188	-0.53360	0.18634	0.19345	25.3	null	null	13113	60
2026-05-27T17:02:14.053	WT901BLE68(F3:F0:16:BF:DC:AE)	0.137	0.935	0.360	-0.122	-5.371	0.793	68.42	-5.95	-29.13	-42.960	41.567	-47.240	-0.80188	-0.53360	0.18634	0.19345	25.3	null	null	13113	60
2026-05-27T17:02:14.171	WT901BLE68(F3:F0:16:BF:DC:AE)	0.166	0.930	0.365	-2.991	3.357	5.127	68.24	-6.19	-29.56	-42.960	41.567	-47.240	-0.80188	-0.53360	0.18634	0.19345	25.3	null	null	13113	60
2026-05-27T17:02:14.229	WT901BLE68(F3:F0:16:BF:DC:AE)	0.101	0.888	0.388	-1.343	16.846	9.094	67.73	-6.55	-28.49	-42.960	41.567	-47.240	-0.80188	-0.53360	0.18634	0.19345	25.3	null	null	13113	60
2026-05-27T17:02:14.351	WT901BLE68(F3:F0:16:BF:DC:AE)	0.121	0.893	0.423	0.122	9.766	5.310	67.42	-6.70	-27.30	-42.960	41.567	-47.240	-0.80188	-0.53360	0.18634	0.19345	25.3	null	null	13113	60
2026-05-27T17:02:14.441	WT901BLE68(F3:F0:16:BF:DC:AE)	0.059	0.912	0.424	-1.221	1.709	0.244	67.20	-6.66	-26.93	-42.960	41.567	-47.240	-0.80188	-0.53360	0.18634	0.19345	25.3	null	null	13113	60
2026-05-27T17:02:14.558	WT901BLE68(F3:F0:16:BF:DC:AE)	0.101	0.935	0.399	-0.366	-4.333	-4.272	67.09	-6.42	-27.63	-36.527	44.153	-46.720	-0.80188	-0.53360	0.18634	0.19345	25.3	null	null	13113	60
2026-05-27T17:02:14.656	WT901BLE68(F3:F0:16:BF:DC:AE)	0.084	0.905	0.378	-3.418	-3.967	-4.150	66.92	-6.17	-28.58	-36.527	44.153	-46.720	-0.80188	-0.53360	0.18634	0.19345	25.3	null	null	13113	60
2026-05-27T17:02:14.771	WT901BLE68(F3:F0:16:BF:DC:AE)	0.113	0.875	0.397	-5.310	-4.211	-2.869	66.40	-6.02	-29.39	-36.527	44.153	-46.720	-0.81500	-0.51978	0.18054	0.18134	25.3	null	null	13113	60
2026-05-27T17:02:14.862	WT901BLE68(F3:F0:16:BF:DC:AE)	0.081	0.895	0.405	-7.874	-3.662	0.244	65.75	-6.05	-30.05	-36.527	44.153	-46.720	-0.81500	-0.51978	0.18054	0.18134	25.3	null	null	13113	60
2026-05-27T17:02:14.982	WT901BLE68(F3:F0:16:BF:DC:AE)	0.120	0.875	0.417	-8.850	-15.198	-6.836	64.92	-6.06	-31.44	-36.527	44.153	-46.720	-0.81500	-0.51978	0.18054	0.18134	25.3	null	null	13113	60
2026-05-27T17:02:15.038	WT901BLE68(F3:F0:16:BF:DC:AE)	0.143	0.850	0.416	-13.977	-10.559	-6.165	63.88	-6.09	-32.87	-36.527	44.153	-46.720	-0.81500	-0.51978	0.18054	0.18134	25.3	null	null	13113	60
2026-05-27T17:02:15.161	WT901BLE68(F3:F0:16:BF:DC:AE)	0.065	0.817	0.475	-11.108	1.587	0.244	62.52	-5.96	-33.28	-36.527	44.153	-46.720	-0.81500	-0.51978	0.18054	0.18134	25.3	null	null	13113	60
2026-05-27T17:02:15.252	WT901BLE68(F3:F0:16:BF:DC:AE)	0.139	0.814	0.487	-10.986	-2.197	-0.427	61.33	-6.03	-33.84	-36.527	44.153	-46.720	-0.81500	-0.51978	0.18054	0.18134	25.3	null	null	13113	60
2026-05-27T17:02:15.374	WT901BLE68(F3:F0:16:BF:DC:AE)	0.156	0.809	0.573	-11.292	2.869	4.272	59.99	-6.17	-34.18	-36.527	44.153	-46.720	-0.81500	-0.51978	0.18054	0.18134	25.3	null	null	13113	60
2026-05-27T17:02:15.460	WT901BLE68(F3:F0:16:BF:DC:AE)	0.098	0.841	0.544	-13.062	17.639	7.324	58.33	-6.31	-33.33	-40.547	46.413	-37.787	-0.81500	-0.51978	0.18054	0.18134	25.3	null	null	13113	60
2026-05-27T17:02:15.581	WT901BLE68(F3:F0:16:BF:DC:AE)	0.131	0.831	0.561	-18.311	-4.822	-1.953	56.54	-6.26	-32.99	-40.547	46.413	-37.787	-0.81500	-0.51978	0.18054	0.18134	25.3	null	null	13113	60
2026-05-27T17:02:15.640	WT901BLE68(F3:F0:16:BF:DC:AE)	0.135	0.836	0.570	-17.273	10.925	8.728	54.72	-6.43	-32.99	-40.547	46.413	-37.787	-0.85379	-0.43170	0.17999	0.22839	25.3	null	null	13113	60
2026-05-27T17:02:15.765	WT901BLE68(F3:F0:16:BF:DC:AE)	0.203	0.901	0.622	-17.395	10.132	6.348	53.06	-6.92	-32.74	-40.547	46.413	-37.787	-0.85379	-0.43170	0.17999	0.22839	25.3	null	null	13113	60
2026-05-27T17:02:15.849	WT901BLE68(F3:F0:16:BF:DC:AE)	0.151	0.769	0.648	-17.578	1.038	-0.061	51.39	-6.91	-32.43	-40.547	46.413	-37.787	-0.85379	-0.43170	0.17999	0.22839	25.3	null	null	13113	60
2026-05-27T17:02:15.971	WT901BLE68(F3:F0:16:BF:DC:AE)	0.049	0.639	0.604	-26.489	-5.737	-0.183	49.27	-6.76	-32.24	-40.547	46.413	-37.787	-0.85379	-0.43170	0.17999	0.22839	25.3	null	null	13113	60
2026-05-27T17:02:16.059	WT901BLE68(F3:F0:16:BF:DC:AE)	0.212	0.610	0.633	-30.884	-6.287	-3.723	46.42	-6.65	-33.23	-40.547	46.413	-37.787	-0.85379	-0.43170	0.17999	0.22839	25.3	null	null	13113	60
2026-05-27T17:02:16.182	WT901BLE68(F3:F0:16:BF:DC:AE)	0.106	0.641	0.712	-28.442	-2.502	3.418	43.58	-6.94	-33.39	-40.547	46.413	-37.787	-0.85379	-0.43170	0.17999	0.22839	25.3	null	null	13113	60
2026-05-27T17:02:16.272	WT901BLE68(F3:F0:16:BF:DC:AE)	0.227	0.536	0.773	-25.330	3.357	-0.061	40.86	-7.53	-34.16	-40.547	46.413	-37.787	-0.85379	-0.43170	0.17999	0.22839	25.3	null	null	13113	60
2026-05-27T17:02:16.358	WT901BLE68(F3:F0:16:BF:DC:AE)	0.117	0.517	0.721	-27.832	4.089	-0.061	37.95	-7.15	-33.88	-38.253	47.967	-17.907	-0.85379	-0.43170	0.17999	0.22839	25.3	null	null	13113	60
2026-05-27T17:02:16.449	WT901BLE68(F3:F0:16:BF:DC:AE)	0.223	0.573	0.840	-40.222	-2.991	-5.798	34.55	-7.01	-34.60	-38.253	47.967	-17.907	-0.85379	-0.43170	0.17999	0.22839	25.3	null	null	13113	60
2026-05-27T17:02:16.571	WT901BLE68(F3:F0:16:BF:DC:AE)	0.246	0.553	0.861	-41.077	-20.081	2.319	30.86	-7.29	-35.62	-38.253	47.967	-17.907	-0.91849	-0.25244	0.13791	0.27112	25.3	null	null	13113	60
2026-05-27T17:02:16.660	WT901BLE68(F3:F0:16:BF:DC:AE)	0.126	0.482	0.927	-36.621	-0.977	12.329	27.14	-8.55	-35.62	-38.253	47.967	-17.907	-0.91849	-0.25244	0.13791	0.27112	25.3	null	null	13113	60
2026-05-27T17:02:16.777	WT901BLE68(F3:F0:16:BF:DC:AE)	0.181	0.436	0.945	-29.602	-1.343	13.733	23.91	-9.39	-34.96	-38.253	47.967	-17.907	-0.91849	-0.25244	0.13791	0.27112	25.3	null	null	13113	60
2026-05-27T17:02:16.871	WT901BLE68(F3:F0:16:BF:DC:AE)	0.218	0.443	1.004	-19.043	-22.583	11.292	21.84	-11.18	-34.77	-38.253	47.967	-17.907	-0.91849	-0.25244	0.13791	0.27112	25.3	null	null	13113	60
2026-05-27T17:02:16.991	WT901BLE68(F3:F0:16:BF:DC:AE)	0.114	0.242	0.918	-7.446	-20.630	20.996	20.30	-12.70	-34.06	-38.253	47.967	-17.907	-0.91849	-0.25244	0.13791	0.27112	25.3	null	null	13113	60
2026-05-27T17:02:17.049	WT901BLE68(F3:F0:16:BF:DC:AE)	0.063	0.315	0.965	-9.705	8.179	9.460	18.98	-14.33	-33.05	-38.253	47.967	-17.907	-0.91849	-0.25244	0.13791	0.27112	25.3	null	null	13113	60
2026-05-27T17:02:17.174	WT901BLE68(F3:F0:16:BF:DC:AE)	0.333	0.343	0.989	-12.817	8.057	-5.859	17.97	-14.38	-33.31	-38.253	47.967	-17.907	-0.91849	-0.25244	0.13791	0.27112	25.3	null	null	13113	60
2026-05-27T17:02:17.260	WT901BLE68(F3:F0:16:BF:DC:AE)	0.175	0.194	0.841	-14.893	15.076	-12.817	16.37	-12.67	-34.21	-31.140	42.453	3.667	-0.91849	-0.25244	0.13791	0.27112	25.3	null	null	13113	60
2026-05-27T17:02:17.379	WT901BLE68(F3:F0:16:BF:DC:AE)	0.102	0.100	0.824	-6.775	-23.682	2.930	15.30	-12.31	-35.45	-31.140	42.453	3.667	-0.91849	-0.25244	0.13791	0.27112	25.3	null	null	13113	60
2026-05-27T17:02:17.473	WT901BLE68(F3:F0:16:BF:DC:AE)	0.182	0.166	0.943	-0.610	-23.499	10.193	14.60	-14.16	-35.65	-31.140	42.453	3.667	-0.94180	-0.08542	0.15192	0.28732	25.3	null	null	13113	60
2026-05-27T17:02:17.591	WT901BLE68(F3:F0:16:BF:DC:AE)	0.365	0.235	0.992	2.014	-17.639	2.014	14.64	-16.77	-35.91	-31.140	42.453	3.667	-0.94180	-0.08542	0.15192	0.28732	25.3	null	null	13113	60
2026-05-27T17:02:17.682	WT901BLE68(F3:F0:16:BF:DC:AE)	0.288	0.223	0.918	-1.038	3.418	-5.127	14.61	-16.95	-36.40	-31.140	42.453	3.667	-0.94180	-0.08542	0.15192	0.28732	25.3	null	null	13113	60
2026-05-27T17:02:17.802	WT901BLE68(F3:F0:16:BF:DC:AE)	0.304	0.213	0.922	-2.441	-2.258	0.061	14.44	-17.01	-36.85	-31.140	42.453	3.667	-0.94180	-0.08542	0.15192	0.28732	25.3	null	null	13113	60
2026-05-27T17:02:17.860	WT901BLE68(F3:F0:16:BF:DC:AE)	0.281	0.238	0.969	-2.502	1.648	1.770	14.07	-17.48	-36.80	-31.140	42.453	3.667	-0.94180	-0.08542	0.15192	0.28732	25.3	null	null	13113	60
2026-05-27T17:02:17.981	WT901BLE68(F3:F0:16:BF:DC:AE)	0.314	0.163	0.890	-1.404	-1.465	2.991	13.65	-17.39	-36.89	-31.140	42.453	3.667	-0.94180	-0.08542	0.15192	0.28732	25.3	null	null	13113	60
2026-05-27T17:02:18.072	WT901BLE68(F3:F0:16:BF:DC:AE)	0.340	0.158	0.915	-1.465	-4.639	6.165	13.34	-17.96	-36.70	-31.140	42.453	3.667	-0.94180	-0.08542	0.15192	0.28732	25.3	null	null	13113	60
2026-05-27T17:02:18.189	WT901BLE68(F3:F0:16:BF:DC:AE)	0.347	0.209	0.964	-1.404	1.099	0.793	12.97	-17.94	-36.56	-28.000	39.927	7.320	-0.94180	-0.08542	0.15192	0.28732	25.3	null	null	13113	60
2026-05-27T17:02:18.283	WT901BLE68(F3:F0:16:BF:DC:AE)	0.303	0.204	0.946	-2.686	3.784	-2.136	12.72	-17.73	-36.71	-28.000	39.927	7.320	-0.94180	-0.08542	0.15192	0.28732	25.3	null	null	13113	60
2026-05-27T17:02:18.401	WT901BLE68(F3:F0:16:BF:DC:AE)	0.298	0.187	0.930	-4.089	-2.930	0.793	12.33	-17.57	-37.01	-28.000	39.927	7.320	-0.93707	-0.05380	0.17801	0.29532	25.3	null	null	13113	60
2026-05-27T17:02:18.462	WT901BLE68(F3:F0:16:BF:DC:AE)	0.385	0.133	0.895	-1.221	-2.930	11.719	11.77	-18.34	-36.74	-28.000	39.927	7.320	-0.93707	-0.05380	0.17801	0.29532	25.3	null	null	13113	60
2026-05-27T17:02:18.582	WT901BLE68(F3:F0:16:BF:DC:AE)	0.227	0.167	0.980	1.282	3.052	2.319	11.46	-18.40	-35.94	-28.000	39.927	7.320	-0.93707	-0.05380	0.17801	0.29532	25.3	null	null	13113	60
2026-05-27T17:02:18.673	WT901BLE68(F3:F0:16:BF:DC:AE)	0.379	0.168	0.921	-0.183	2.075	-7.996	11.47	-17.97	-36.51	-28.000	39.927	7.320	-0.93707	-0.05380	0.17801	0.29532	25.3	null	null	13113	60
2026-05-27T17:02:18.794	WT901BLE68(F3:F0:16:BF:DC:AE)	0.316	0.191	0.918	0.366	4.272	-1.587	11.65	-17.41	-37.11	-28.000	39.927	7.320	-0.93707	-0.05380	0.17801	0.29532	25.3	null	null	13113	60
2026-05-27T17:02:18.883	WT901BLE68(F3:F0:16:BF:DC:AE)	0.219	0.199	0.994	0.732	10.559	-10.559	11.80	-16.24	-37.67	-28.000	39.927	7.320	-0.93707	-0.05380	0.17801	0.29532	25.3	null	null	13113	60
2026-05-27T17:02:19.001	WT901BLE68(F3:F0:16:BF:DC:AE)	0.263	0.238	1.005	11.292	10.742	-17.517	12.58	-14.65	-39.25	-28.000	39.927	7.320	-0.93707	-0.05380	0.17801	0.29532	25.3	null	null	13113	60
2026-05-27T17:02:19.059	WT901BLE68(F3:F0:16:BF:DC:AE)	0.282	0.263	0.949	25.146	-5.249	-13.489	14.75	-13.25	-41.05	-32.353	40.480	7.540	-0.93707	-0.05380	0.17801	0.29532	25.3	null	null	13113	60
2026-05-27T17:02:19.212	WT901BLE68(F3:F0:16:BF:DC:AE)	0.216	0.309	0.951	36.682	-5.005	-3.479	18.03	-13.41	-41.98	-32.353	40.480	7.540	-0.93707	-0.05380	0.17801	0.29532	25.3	null	null	13113	60
2026-05-27T17:02:19.268	WT901BLE68(F3:F0:16:BF:DC:AE)	0.322	0.360	0.915	37.354	26.062	-2.258	21.62	-13.06	-42.17	-32.353	40.480	7.540	-0.91946	-0.12152	0.17004	0.33289	25.3	null	null	13113	60
2026-05-27T17:02:19.394	WT901BLE68(F3:F0:16:BF:DC:AE)	0.172	0.429	0.892	42.236	19.470	-2.563	25.34	-11.69	-41.63	-32.353	40.480	7.540	-0.91946	-0.12152	0.17004	0.33289	25.3	null	null	13113	60
2026-05-27T17:02:19.479	WT901BLE68(F3:F0:16:BF:DC:AE)	0.126	0.526	0.869	39.673	18.982	-9.155	29.21	-9.72	-41.11	-32.353	40.480	7.540	-0.91946	-0.12152	0.17004	0.33289	25.3	null	null	13113	60
2026-05-27T17:02:19.601	WT901BLE68(F3:F0:16:BF:DC:AE)	0.189	0.571	0.806	35.522	3.967	-2.380	32.85	-8.54	-41.13	-32.353	40.480	7.540	-0.91946	-0.12152	0.17004	0.33289	25.3	null	null	13113	60
2026-05-27T17:02:19.692	WT901BLE68(F3:F0:16:BF:DC:AE)	0.185	0.568	0.793	31.738	1.892	0.183	36.16	-7.88	-40.74	-32.353	40.480	7.540	-0.91946	-0.12152	0.17004	0.33289	25.3	null	null	13113	60
2026-05-27T17:02:19.812	WT901BLE68(F3:F0:16:BF:DC:AE)	0.157	0.583	0.737	27.161	-15.198	5.981	39.06	-7.64	-39.85	-32.353	40.480	7.540	-0.91946	-0.12152	0.17004	0.33289	25.3	null	null	13113	60
2026-05-27T17:02:19.871	WT901BLE68(F3:F0:16:BF:DC:AE)	0.109	0.692	0.741	28.870	-0.610	2.869	41.82	-8.05	-38.93	-32.353	40.480	7.540	-0.91946	-0.12152	0.17004	0.33289	25.3	null	null	13113	60
2026-05-27T17:02:19.990	WT901BLE68(F3:F0:16:BF:DC:AE)	0.138	0.687	0.685	26.428	-7.751	-2.319	44.43	-8.29	-38.69	-34.880	48.507	-23.487	-0.91946	-0.12152	0.17004	0.33289	25.3	null	null	13113	60
2026-05-27T17:02:20.081	WT901BLE68(F3:F0:16:BF:DC:AE)	0.012	0.771	0.707	27.466	-1.831	-9.949	47.04	-8.01	-38.68	-34.880	48.507	-23.487	-0.91946	-0.12152	0.17004	0.33289	25.3	null	null	13113	60
2026-05-27T17:02:20.200	WT901BLE68(F3:F0:16:BF:DC:AE)	0.194	0.765	0.656	21.423	-4.333	-8.789	49.47	-8.05	-39.94	-34.880	48.507	-23.487	-0.86642	-0.36212	0.19888	0.28021	25.3	null	null	13113	60
2026-05-27T17:02:20.291	WT901BLE68(F3:F0:16:BF:DC:AE)	0.148	0.809	0.591	16.907	-12.695	-2.136	51.37	-8.20	-40.30	-34.880	48.507	-23.487	-0.86642	-0.36212	0.19888	0.28021	25.3	null	null	13113	60
2026-05-27T17:02:20.415	WT901BLE68(F3:F0:16:BF:DC:AE)	0.108	0.822	0.562	19.043	-0.488	-1.587	53.22	-8.36	-40.35	-34.880	48.507	-23.487	-0.86642	-0.36212	0.19888	0.28021	25.3	null	null	13113	60
2026-05-27T17:02:20.498	WT901BLE68(F3:F0:16:BF:DC:AE)	0.083	0.875	0.522	19.531	-13.550	-4.333	55.23	-8.52	-40.65	-34.880	48.507	-23.487	-0.86642	-0.36212	0.19888	0.28021	25.3	null	null	13113	60
2026-05-27T17:02:20.626	WT901BLE68(F3:F0:16:BF:DC:AE)	0.199	0.832	0.505	20.142	-4.456	-3.418	57.16	-8.79	-41.72	-34.880	48.507	-23.487	-0.86642	-0.36212	0.19888	0.28021	25.3	null	null	13113	60
2026-05-27T17:02:20.681	WT901BLE68(F3:F0:16:BF:DC:AE)	0.193	0.875	0.489	19.470	-6.958	2.014	59.14	-9.22	-41.84	-34.880	48.507	-23.487	-0.86642	-0.36212	0.19888	0.28021	25.3	null	null	13113	60
2026-05-27T17:02:20.803	WT901BLE68(F3:F0:16:BF:DC:AE)	0.147	0.847	0.503	17.212	-1.282	4.456	60.85	-10.04	-41.92	-34.880	48.507	-23.487	-0.86642	-0.36212	0.19888	0.28021	25.3	null	null	13113	60
2026-05-27T17:02:20.889	WT901BLE68(F3:F0:16:BF:DC:AE)	0.044	0.891	0.449	11.353	-3.601	-5.127	62.00	-9.97	-41.59	-36.153	44.920	-40.427	-0.86642	-0.36212	0.19888	0.28021	25.3	null	null	13113	60
2026-05-27T17:02:21.010	WT901BLE68(F3:F0:16:BF:DC:AE)	0.163	0.893	0.410	12.146	-23.865	-9.033	63.32	-10.04	-43.53	-36.153	44.920	-40.427	-0.86642	-0.36212	0.19888	0.28021	25.3	null	null	13113	60
2026-05-27T17:02:21.100	WT901BLE68(F3:F0:16:BF:DC:AE)	0.234	0.911	0.365	17.090	-16.602	-4.517	65.18	-10.42	-45.72	-36.153	44.920	-40.427	-0.79895	-0.46075	0.26965	0.27673	25.3	null	null	13113	60
2026-05-27T17:02:21.223	WT901BLE68(F3:F0:16:BF:DC:AE)	0.158	0.938	0.306	22.766	4.761	-2.380	67.53	-10.42	-45.64	-36.153	44.920	-40.427	-0.79895	-0.46075	0.26965	0.27673	25.3	null	null	13113	60
2026-05-27T17:02:21.279	WT901BLE68(F3:F0:16:BF:DC:AE)	0.106	0.927	0.333	26.550	-2.380	-6.592	70.11	-10.00	-45.37	-36.153	44.920	-40.427	-0.79895	-0.46075	0.26965	0.27673	25.3	null	null	13113	60
2026-05-27T17:02:21.406	WT901BLE68(F3:F0:16:BF:DC:AE)	0.201	0.920	0.276	30.334	-4.333	-13.672	72.99	-9.06	-45.82	-36.153	44.920	-40.427	-0.79895	-0.46075	0.26965	0.27673	25.3	null	null	13113	60
2026-05-27T17:02:21.489	WT901BLE68(F3:F0:16:BF:DC:AE)	0.304	0.936	0.347	16.357	5.066	0.366	75.21	-8.75	-46.04	-36.153	44.920	-40.427	-0.79895	-0.46075	0.26965	0.27673	25.3	null	null	13113	60
2026-05-27T17:02:21.614	WT901BLE68(F3:F0:16:BF:DC:AE)	0.025	0.968	0.199	22.034	32.166	-3.723	76.69	-8.36	-43.41	-36.153	44.920	-40.427	-0.79895	-0.46075	0.26965	0.27673	25.3	null	null	13113	60
2026-05-27T17:02:21.702	WT901BLE68(F3:F0:16:BF:DC:AE)	0.091	0.966	0.182	31.250	-9.399	-7.935	79.49	-7.34	-41.95	-36.153	44.920	-40.427	-0.79895	-0.46075	0.26965	0.27673	25.3	null	null	13113	60
2026-05-27T17:02:21.821	WT901BLE68(F3:F0:16:BF:DC:AE)	0.239	0.991	0.250	21.667	-2.197	-3.479	81.94	-7.33	-43.83	-41.300	34.120	-55.940	-0.79895	-0.46075	0.26965	0.27673	25.3	null	null	13113	60
2026-05-27T17:02:21.914	WT901BLE68(F3:F0:16:BF:DC:AE)	0.081	0.990	0.106	6.409	-10.376	-5.493	82.79	-6.88	-43.17	-41.300	34.120	-55.940	-0.79895	-0.46075	0.26965	0.27673	25.3	null	null	13113	60
2026-05-27T17:02:22.000	WT901BLE68(F3:F0:16:BF:DC:AE)	0.131	0.976	0.058	3.662	-13.672	-1.160	83.33	-6.81	-44.67	-41.300	34.120	-55.940	-0.70636	-0.59680	0.29105	0.24509	25.3	null	null	13113	60
2026-05-27T17:02:22.094	WT901BLE68(F3:F0:16:BF:DC:AE)	0.035	0.990	0.024	10.315	-20.691	-3.479	84.47	-6.48	-45.23	-41.300	34.120	-55.940	-0.70636	-0.59680	0.29105	0.24509	25.3	null	null	13113	60
2026-05-27T17:02:22.215	WT901BLE68(F3:F0:16:BF:DC:AE)	0.133	1.022	0.206	-7.019	-44.922	-1.343	85.50	-6.30	-47.96	-41.300	34.120	-55.940	-0.70636	-0.59680	0.29105	0.24509	25.3	null	null	13113	60
2026-05-27T17:02:22.305	WT901BLE68(F3:F0:16:BF:DC:AE)	0.167	0.969	-0.112	-9.827	18.005	-6.531	84.25	-6.43	-50.07	-41.300	34.120	-55.940	-0.70636	-0.59680	0.29105	0.24509	25.3	null	null	13113	60
2026-05-27T17:02:22.421	WT901BLE68(F3:F0:16:BF:DC:AE)	0.019	0.998	-0.012	-1.465	-8.179	-7.263	83.83	-6.00	-50.04	-41.300	34.120	-55.940	-0.70636	-0.59680	0.29105	0.24509	25.3	null	null	13113	60
2026-05-27T17:02:22.513	WT901BLE68(F3:F0:16:BF:DC:AE)	-0.016	0.934	0.048	10.132	-21.179	-17.456	84.85	-4.64	-51.47	-41.300	34.120	-55.940	-0.70636	-0.59680	0.29105	0.24509	25.3	null	null	13113	60
2026-05-27T17:02:22.632	WT901BLE68(F3:F0:16:BF:DC:AE)	0.240	1.056	0.238	-4.211	-20.508	-6.958	85.35	-3.44	-54.33	-41.300	34.120	-55.940	-0.70636	-0.59680	0.29105	0.24509	25.3	null	null	13113	60
2026-05-27T17:02:22.689	WT901BLE68(F3:F0:16:BF:DC:AE)	-0.014	0.984	-0.061	0.305	56.458	1.709	84.83	-3.42	-50.92	-54.993	31.480	-53.553	-0.70636	-0.59680	0.29105	0.24509	25.3	null	null	13113	60
