time	DeviceName	AccX(g)	AccY(g)	AccZ(g)	AsX(°/s)	AsY(°/s)	AsZ(°/s)	AngleX(°)	AngleY(°)	AngleZ(°)	HX(uT)	HY(uT)	HZ(uT)	Q0()	Q1()	Q2()	Q3()	Temperature(°C)	Height(m)	Pressure(kPa)	Version()	Battery level(%)
2026-05-27T16:50:08.923	WT901BLE68(F3:F0:16:BF:DC:AE)	-0.803	-0.333	-0.089	-63.110	-30.640	-42.480	-68.12	59.40	-88.40	-87.047	-3.487	-37.620	-0.71390	-0.15173	-0.53516	0.42520	26.1	null	null	13113	75
2026-05-27T16:50:08.978	WT901BLE68(F3:F0:16:BF:DC:AE)	-0.633	-0.194	-0.326	-6.531	-40.710	5.859	-72.17	57.70	-86.48	-87.047	-3.487	-37.620	-0.71390	-0.15173	-0.53516	0.42520	26.1	null	null	13113	75
2026-05-27T16:50:09.130	WT901BLE68(F3:F0:16:BF:DC:AE)	-0.708	-0.249	-0.139	137.085	-4.944	55.420	-62.28	60.95	-80.06	-87.047	-3.487	-37.620	-0.71390	-0.15173	-0.53516	0.42520	26.1	null	null	13113	75
2026-05-27T16:50:09.189	WT901BLE68(F3:F0:16:BF:DC:AE)	-1.184	-0.451	0.638	83.740	63.110	43.213	-53.80	68.19	-82.35	-87.047	-3.487	-37.620	-0.71390	-0.15173	-0.53516	0.42520	26.1	null	null	13113	75
2026-05-27T16:50:09.309	WT901BLE68(F3:F0:16:BF:DC:AE)	-1.271	-0.338	0.635	-10.071	-8.667	-14.099	-52.38	69.91	-85.33	-88.973	0.047	-34.947	-0.71390	-0.15173	-0.53516	0.42520	26.1	null	null	13113	75
2026-05-27T16:50:09.399	WT901BLE68(F3:F0:16:BF:DC:AE)	-0.904	-0.317	0.193	-56.641	-20.874	-39.185	-55.49	65.39	-85.92	-88.973	0.047	-34.947	-0.71390	-0.15173	-0.53516	0.42520	26.1	null	null	13113	75
2026-05-27T16:50:09.519	WT901BLE68(F3:F0:16:BF:DC:AE)	-0.702	-0.294	-0.039	-31.067	-5.798	-14.038	-60.99	62.68	-88.56	-88.973	0.047	-34.947	-0.71362	-0.01508	-0.62000	0.32559	26.1	null	null	13113	75
2026-05-27T16:50:09.609	WT901BLE68(F3:F0:16:BF:DC:AE)	-0.907	-0.162	-0.029	30.640	-3.052	-11.353	-61.54	63.00	-89.87	-88.973	0.047	-34.947	-0.71362	-0.01508	-0.62000	0.32559	26.1	null	null	13113	75
2026-05-27T16:50:09.733	WT901BLE68(F3:F0:16:BF:DC:AE)	-0.820	-0.444	0.270	59.875	28.564	9.277	-56.35	63.92	-90.86	-88.973	0.047	-34.947	-0.71362	-0.01508	-0.62000	0.32559	26.1	null	null	13113	75
2026-05-27T16:50:09.789	WT901BLE68(F3:F0:16:BF:DC:AE)	-1.088	-0.480	0.411	3.845	11.597	-6.409	-60.12	66.16	-98.34	-88.973	0.047	-34.947	-0.71362	-0.01508	-0.62000	0.32559	26.1	null	null	13113	75
2026-05-27T16:50:09.910	WT901BLE68(F3:F0:16:BF:DC:AE)	-0.994	-0.438	0.208	-24.353	6.714	-23.010	-65.54	64.80	-103.60	-88.973	0.047	-34.947	-0.71362	-0.01508	-0.62000	0.32559	26.1	null	null	13113	75
2026-05-27T16:50:09.998	WT901BLE68(F3:F0:16:BF:DC:AE)	-0.789	-0.314	0.034	-3.540	7.080	-15.320	-68.46	62.97	-106.32	-88.973	0.047	-34.947	-0.71362	-0.01508	-0.62000	0.32559	26.1	null	null	13113	75
2026-05-27T16:50:10.123	WT901BLE68(F3:F0:16:BF:DC:AE)	-0.768	-0.304	-0.027	64.209	-62.073	-1.282	-61.50	61.86	-102.14	-88.973	0.047	-34.947	-0.71362	-0.01508	-0.62000	0.32559	26.1	null	null	13113	75
2026-05-27T16:50:10.212	WT901BLE68(F3:F0:16:BF:DC:AE)	-0.879	-0.346	0.165	116.028	-47.058	13.062	-45.16	60.87	-94.39	-90.167	-11.033	-33.240	-0.71362	-0.01508	-0.62000	0.32559	26.1	null	null	13113	75
2026-05-27T16:50:10.333	WT901BLE68(F3:F0:16:BF:DC:AE)	-0.880	-0.253	0.769	50.293	18.616	9.155	-34.08	60.34	-90.13	-90.167	-11.033	-33.240	-0.71362	-0.01508	-0.62000	0.32559	26.1	null	null	13113	75
2026-05-27T16:50:10.387	WT901BLE68(F3:F0:16:BF:DC:AE)	-0.958	-0.242	0.549	-9.460	46.692	5.005	-37.07	64.19	-95.34	-90.167	-11.033	-33.240	-0.67752	-0.17877	-0.52457	0.48346	26.1	null	null	13113	75
2026-05-27T16:50:10.542	WT901BLE68(F3:F0:16:BF:DC:AE)	-0.897	-0.229	0.298	-28.015	24.170	11.658	-38.81	65.41	-95.35	-90.167	-11.033	-33.240	-0.67752	-0.17877	-0.52457	0.48346	26.1	null	null	13113	75
2026-05-27T16:50:10.599	WT901BLE68(F3:F0:16:BF:DC:AE)	-0.809	-0.172	0.185	-12.939	13.306	-3.296	-42.89	67.04	-98.31	-90.167	-11.033	-33.240	-0.67752	-0.17877	-0.52457	0.48346	26.1	null	null	13113	75
2026-05-27T16:50:10.723	WT901BLE68(F3:F0:16:BF:DC:AE)	-0.820	-0.173	0.148	24.719	7.751	30.029	-39.72	68.44	-96.13	-90.167	-11.033	-33.240	-0.67752	-0.17877	-0.52457	0.48346	26.1	null	null	13113	75
2026-05-27T16:50:10.812	WT901BLE68(F3:F0:16:BF:DC:AE)	-0.950	-0.008	0.342	40.649	-20.020	37.598	-25.00	69.24	-84.05	-90.167	-11.033	-33.240	-0.67752	-0.17877	-0.52457	0.48346	26.1	null	null	13113	75
2026-05-27T16:50:10.936	WT901BLE68(F3:F0:16:BF:DC:AE)	-0.824	-0.086	0.479	16.113	24.963	36.072	-13.94	71.72	-75.04	-90.167	-11.033	-33.240	-0.67752	-0.17877	-0.52457	0.48346	26.1	null	null	13113	75
2026-05-27T16:50:11.021	WT901BLE68(F3:F0:16:BF:DC:AE)	-1.267	-0.074	0.352	-41.504	65.186	20.386	-9.86	78.35	-68.03	-90.167	-11.033	-33.240	-0.67752	-0.17877	-0.52457	0.48346	26.1	null	null	13113	75
2026-05-27T16:50:11.144	WT901BLE68(F3:F0:16:BF:DC:AE)	-1.039	-0.020	0.351	-68.726	33.447	-13.672	-20.40	81.13	-73.05	-82.700	4.240	-45.567	-0.67752	-0.17877	-0.52457	0.48346	26.1	null	null	13113	75
2026-05-27T16:50:11.202	WT901BLE68(F3:F0:16:BF:DC:AE)	-0.991	0.015	-0.014	-73.853	26.367	-13.184	-48.97	82.95	-95.63	-82.700	4.240	-45.567	-0.67752	-0.17877	-0.52457	0.48346	26.1	null	null	13113	75
2026-05-27T16:50:11.353	WT901BLE68(F3:F0:16:BF:DC:AE)	-1.042	0.123	0.037	-56.885	32.288	3.662	-75.35	84.16	-117.93	-82.700	4.240	-45.567	-0.66010	-0.22446	-0.64786	0.30670	26.1	null	null	13113	75
2026-05-27T16:50:11.410	WT901BLE68(F3:F0:16:BF:DC:AE)	-1.066	-0.082	-0.228	9.277	-2.319	20.569	-69.12	85.71	-106.72	-82.700	4.240	-45.567	-0.66010	-0.22446	-0.64786	0.30670	26.1	null	null	13113	75
2026-05-27T16:50:11.532	WT901BLE68(F3:F0:16:BF:DC:AE)	-1.098	-0.018	0.150	-33.752	10.193	2.319	-59.16	86.59	-89.59	-82.700	4.240	-45.567	-0.66010	-0.22446	-0.64786	0.30670	26.1	null	null	13113	75
2026-05-27T16:50:11.619	WT901BLE68(F3:F0:16:BF:DC:AE)	-1.079	-0.046	0.108	-62.866	15.381	-12.207	-85.60	86.54	-109.69	-82.700	4.240	-45.567	-0.66010	-0.22446	-0.64786	0.30670	26.1	null	null	13113	75
2026-05-27T16:50:11.740	WT901BLE68(F3:F0:16:BF:DC:AE)	-0.950	-0.020	-0.075	-66.040	18.616	-36.560	-114.14	83.90	-131.58	-82.700	4.240	-45.567	-0.66010	-0.22446	-0.64786	0.30670	26.1	null	null	13113	75
2026-05-27T16:50:11.799	WT901BLE68(F3:F0:16:BF:DC:AE)	-0.927	0.045	-0.269	-35.400	22.278	5.188	-127.21	80.79	-135.43	-82.700	4.240	-45.567	-0.66010	-0.22446	-0.64786	0.30670	26.1	null	null	13113	75
2026-05-27T16:50:11.922	WT901BLE68(F3:F0:16:BF:DC:AE)	-0.708	0.159	-0.156	142.151	-122.375	51.880	-42.39	84.50	-50.89	-82.700	4.240	-45.567	-0.66010	-0.22446	-0.64786	0.30670	26.1	null	null	13113	75
2026-05-27T16:50:12.009	WT901BLE68(F3:F0:16:BF:DC:AE)	-1.162	-0.203	0.219	-4.822	38.879	21.912	-5.39	85.92	-15.31	-80.047	20.773	-38.813	-0.66010	-0.22446	-0.64786	0.30670	26.1	null	null	13113	75
2026-05-27T16:50:12.134	WT901BLE68(F3:F0:16:BF:DC:AE)	-1.178	0.004	0.091	-5.432	0.488	-9.277	24.37	88.25	12.46	-80.047	20.773	-38.813	-0.66010	-0.22446	-0.64786	0.30670	26.1	null	null	13113	75
2026-05-27T16:50:12.222	WT901BLE68(F3:F0:16:BF:DC:AE)	-1.083	0.112	-0.060	48.645	-31.799	-10.132	-51.69	88.32	-66.45	-80.047	20.773	-38.813	-0.71198	-0.07932	-0.69293	0.08087	26.1	null	null	13113	75
2026-05-27T16:50:12.346	WT901BLE68(F3:F0:16:BF:DC:AE)	-0.705	0.183	0.017	186.462	-44.678	-11.047	-2.94	76.11	-25.64	-80.047	20.773	-38.813	-0.71198	-0.07932	-0.69293	0.08087	26.1	null	null	13113	75
2026-05-27T16:50:12.433	WT901BLE68(F3:F0:16:BF:DC:AE)	-0.906	0.099	0.685	65.369	36.621	2.686	9.31	75.73	-27.14	-80.047	20.773	-38.813	-0.71198	-0.07932	-0.69293	0.08087	26.1	null	null	13113	75
2026-05-27T16:50:12.557	WT901BLE68(F3:F0:16:BF:DC:AE)	-1.092	0.131	0.539	-71.716	22.461	8.423	11.96	77.15	-29.10	-80.047	20.773	-38.813	-0.71198	-0.07932	-0.69293	0.08087	26.1	null	null	13113	75
2026-05-27T16:50:12.610	WT901BLE68(F3:F0:16:BF:DC:AE)	-1.005	0.125	-0.002	-75.928	27.222	-14.832	1.81	77.46	-35.97	-80.047	20.773	-38.813	-0.71198	-0.07932	-0.69293	0.08087	26.1	null	null	13113	75
2026-05-27T16:50:12.733	WT901BLE68(F3:F0:16:BF:DC:AE)	-0.750	-0.010	-0.307	-16.785	-73.914	-40.039	-11.76	74.25	-50.02	-80.047	20.773	-38.813	-0.71198	-0.07932	-0.69293	0.08087	26.1	null	null	13113	75
2026-05-27T16:50:12.822	WT901BLE68(F3:F0:16:BF:DC:AE)	-0.647	-0.054	0.249	65.186	-43.518	-9.583	-15.77	70.07	-53.47	-80.047	20.773	-38.813	-0.71198	-0.07932	-0.69293	0.08087	26.1	null	null	13113	75
2026-05-27T16:50:12.940	WT901BLE68(F3:F0:16:BF:DC:AE)	-1.110	0.095	0.540	22.583	-11.292	33.264	-5.57	69.77	-52.08	-84.367	10.740	-36.753	-0.71198	-0.07932	-0.69293	0.08087	26.1	null	null	13113	75
2026-05-27T16:50:13.029	WT901BLE68(F3:F0:16:BF:DC:AE)	-1.046	0.069	0.433	0.244	14.221	0.916	-0.80	69.51	-54.28	-84.367	10.740	-36.753	-0.71198	-0.07932	-0.69293	0.08087	26.1	null	null	13113	75
2026-05-27T16:50:13.152	WT901BLE68(F3:F0:16:BF:DC:AE)	-0.849	0.094	0.357	-15.625	13.123	8.972	-0.88	69.79	-59.72	-84.367	10.740	-36.753	-0.72089	-0.26990	-0.50269	0.39331	26.1	null	null	13113	75
2026-05-27T16:50:13.214	WT901BLE68(F3:F0:16:BF:DC:AE)	-0.938	0.142	0.199	-27.893	28.687	18.799	1.38	72.07	-61.11	-84.367	10.740	-36.753	-0.72089	-0.26990	-0.50269	0.39331	26.1	null	null	13113	75
2026-05-27T16:50:13.334	WT901BLE68(F3:F0:16:BF:DC:AE)	-0.905	0.156	0.164	-0.061	56.580	29.236	10.18	75.69	-56.61	-84.367	10.740	-36.753	-0.72089	-0.26990	-0.50269	0.39331	26.1	null	null	13113	75
2026-05-27T16:50:13.421	WT901BLE68(F3:F0:16:BF:DC:AE)	-1.022	0.202	0.217	-20.447	-25.818	56.519	33.02	77.94	-38.22	-84.367	10.740	-36.753	-0.72089	-0.26990	-0.50269	0.39331	26.1	null	null	13113	75
2026-05-27T16:50:13.541	WT901BLE68(F3:F0:16:BF:DC:AE)	-0.696	0.385	0.337	-19.104	-54.443	89.417	34.68	66.02	-39.20	-84.367	10.740	-36.753	-0.72089	-0.26990	-0.50269	0.39331	26.1	null	null	13113	75
2026-05-27T16:50:13.631	WT901BLE68(F3:F0:16:BF:DC:AE)	-0.895	0.525	0.416	-26.367	-2.014	90.698	43.42	57.46	-30.18	-84.367	10.740	-36.753	-0.72089	-0.26990	-0.50269	0.39331	26.1	null	null	13113	75
2026-05-27T16:50:13.755	WT901BLE68(F3:F0:16:BF:DC:AE)	-1.092	0.548	0.339	-47.607	85.510	24.963	53.03	57.12	-14.87	-84.367	10.740	-36.753	-0.72089	-0.26990	-0.50269	0.39331	26.1	null	null	13113	75
2026-05-27T16:50:13.844	WT901BLE68(F3:F0:16:BF:DC:AE)	-0.986	0.472	0.114	-36.682	-42.053	-11.230	53.21	59.21	-9.79	-56.967	40.447	-38.473	-0.72089	-0.26990	-0.50269	0.39331	26.1	null	null	13113	75
2026-05-27T16:50:13.963	WT901BLE68(F3:F0:16:BF:DC:AE)	-0.868	0.429	0.044	58.350	-140.259	-28.320	42.82	53.96	-24.21	-56.967	40.447	-38.473	-0.72089	-0.26990	-0.50269	0.39331	26.1	null	null	13113	75
2026-05-27T16:50:14.019	WT901BLE68(F3:F0:16:BF:DC:AE)	-0.608	0.478	0.511	69.580	-85.999	-46.753	37.60	46.26	-42.19	-56.967	40.447	-38.473	-0.77557	-0.40765	-0.28302	0.38998	26.1	null	null	13113	75
2026-05-27T16:50:14.147	WT901BLE68(F3:F0:16:BF:DC:AE)	-0.771	0.506	0.679	34.546	-45.105	-24.963	38.83	47.15	-47.25	-56.967	40.447	-38.473	-0.77557	-0.40765	-0.28302	0.38998	26.1	null	null	13113	75
2026-05-27T16:50:14.233	WT901BLE68(F3:F0:16:BF:DC:AE)	-0.691	0.501	0.681	14.282	23.132	-16.663	38.45	47.10	-50.84	-56.967	40.447	-38.473	-0.77557	-0.40765	-0.28302	0.38998	26.1	null	null	13113	75
2026-05-27T16:50:14.350	WT901BLE68(F3:F0:16:BF:DC:AE)	-0.749	0.491	0.521	-12.390	15.625	-5.066	38.08	48.07	-50.52	-56.967	40.447	-38.473	-0.77557	-0.40765	-0.28302	0.38998	26.1	null	null	13113	75
2026-05-27T16:50:14.446	WT901BLE68(F3:F0:16:BF:DC:AE)	-0.768	0.517	0.410	53.894	-115.601	-14.587	36.77	45.51	-54.45	-56.967	40.447	-38.473	-0.77557	-0.40765	-0.28302	0.38998	26.1	null	null	13113	75
2026-05-27T16:50:14.561	WT901BLE68(F3:F0:16:BF:DC:AE)	-0.536	0.519	0.372	86.426	-129.944	-50.476	35.48	37.03	-69.20	-56.967	40.447	-38.473	-0.77557	-0.40765	-0.28302	0.38998	26.1	null	null	13113	75
2026-05-27T16:50:14.623	WT901BLE68(F3:F0:16:BF:DC:AE)	-0.408	0.588	0.868	34.851	-4.272	-44.434	36.48	34.88	-78.99	-56.967	40.447	-38.473	-0.77557	-0.40765	-0.28302	0.38998	26.1	null	null	13113	75
2026-05-27T16:50:14.773	WT901BLE68(F3:F0:16:BF:DC:AE)	-0.461	0.542	0.802	-12.451	3.235	-19.714	35.96	37.26	-81.63	-81.007	19.453	-25.647	-0.77557	-0.40765	-0.28302	0.38998	26.1	null	null	13113	75
2026-05-27T16:50:14.833	WT901BLE68(F3:F0:16:BF:DC:AE)	-0.679	0.479	0.633	-39.307	70.679	8.850	34.99	40.31	-78.03	-81.007	19.453	-25.647	-0.77557	-0.40765	-0.28302	0.38998	26.1	null	null	13113	75
2026-05-27T16:50:14.949	WT901BLE68(F3:F0:16:BF:DC:AE)	-0.816	0.477	0.502	-21.667	37.170	-16.663	34.74	44.75	-73.92	-81.007	19.453	-25.647	-0.63669	-0.43408	-0.10397	0.62872	26.1	null	null	13113	75
2026-05-27T16:50:15.042	WT901BLE68(F3:F0:16:BF:DC:AE)	-0.720	0.356	0.479	-29.724	69.580	-46.997	31.85	50.11	-74.96	-81.007	19.453	-25.647	-0.63669	-0.43408	-0.10397	0.62872	26.1	null	null	13113	75
2026-05-27T16:50:15.165	WT901BLE68(F3:F0:16:BF:DC:AE)	-0.792	0.374	0.437	-15.442	12.146	-9.766	30.61	56.89	-73.71	-81.007	19.453	-25.647	-0.63669	-0.43408	-0.10397	0.62872	26.1	null	null	13113	75
2026-05-27T16:50:15.250	WT901BLE68(F3:F0:16:BF:DC:AE)	-0.674	0.438	0.429	39.917	-65.552	37.292	33.24	52.78	-74.00	-81.007	19.453	-25.647	-0.63669	-0.43408	-0.10397	0.62872	26.1	null	null	13113	75
2026-05-27T16:50:15.375	WT901BLE68(F3:F0:16:BF:DC:AE)	-0.941	0.327	0.589	22.522	3.235	4.883	38.14	51.19	-72.47	-81.007	19.453	-25.647	-0.63669	-0.43408	-0.10397	0.62872	26.1	null	null	13113	75
2026-05-27T16:50:15.430	WT901BLE68(F3:F0:16:BF:DC:AE)	-0.793	0.403	0.612	-4.761	-0.427	-6.409	37.94	51.30	-73.45	-81.007	19.453	-25.647	-0.63669	-0.43408	-0.10397	0.62872	26.1	null	null	13113	75
2026-05-27T16:50:15.554	WT901BLE68(F3:F0:16:BF:DC:AE)	-0.805	0.356	0.521	-22.461	23.254	1.831	37.52	52.89	-71.58	-81.007	19.453	-25.647	-0.63669	-0.43408	-0.10397	0.62872	26.1	null	null	13113	75
2026-05-27T16:50:15.640	WT901BLE68(F3:F0:16:BF:DC:AE)	-0.771	0.289	0.459	-31.921	72.998	-6.775	37.42	55.53	-68.45	-81.540	13.293	-39.000	-0.63669	-0.43408	-0.10397	0.62872	26.1	null	null	13113	75
2026-05-27T16:50:15.763	WT901BLE68(F3:F0:16:BF:DC:AE)	-0.846	0.439	0.288	-30.762	63.232	-2.502	40.88	61.47	-60.47	-81.540	13.293	-39.000	-0.63669	-0.43408	-0.10397	0.62872	26.1	null	null	13113	75
2026-05-27T16:50:15.851	WT901BLE68(F3:F0:16:BF:DC:AE)	-0.917	0.414	0.020	28.992	-102.234	37.354	42.84	59.91	-58.11	-81.540	13.293	-39.000	-0.60660	-0.50613	-0.27652	0.54709	26.1	null	null	13113	75
2026-05-27T16:50:15.972	WT901BLE68(F3:F0:16:BF:DC:AE)	-0.497	0.451	0.456	81.909	-92.896	20.508	40.02	44.27	-74.62	-81.540	13.293	-39.000	-0.60660	-0.50613	-0.27652	0.54709	26.1	null	null	13113	75
2026-05-27T16:50:16.033	WT901BLE68(F3:F0:16:BF:DC:AE)	-0.718	0.438	0.738	14.893	27.344	27.710	46.15	42.59	-72.83	-81.540	13.293	-39.000	-0.60660	-0.50613	-0.27652	0.54709	26.1	null	null	13113	75
2026-05-27T16:50:16.156	WT901BLE68(F3:F0:16:BF:DC:AE)	-0.555	0.565	0.533	-0.732	142.212	32.593	54.24	45.67	-61.41	-81.540	13.293	-39.000	-0.60660	-0.50613	-0.27652	0.54709	26.1	null	null	13113	75
2026-05-27T16:50:16.244	WT901BLE68(F3:F0:16:BF:DC:AE)	-0.876	0.710	0.452	-56.885	126.343	38.574	68.94	49.98	-36.99	-81.540	13.293	-39.000	-0.60660	-0.50613	-0.27652	0.54709	26.1	null	null	13113	75
2026-05-27T16:50:16.362	WT901BLE68(F3:F0:16:BF:DC:AE)	-0.953	0.627	0.198	-79.224	101.807	-5.798	74.21	51.77	-20.16	-81.540	13.293	-39.000	-0.60660	-0.50613	-0.27652	0.54709	26.1	null	null	13113	75
2026-05-27T16:50:16.453	WT901BLE68(F3:F0:16:BF:DC:AE)	-0.902	0.603	-0.263	-81.238	149.048	-47.852	82.83	58.27	1.09	-81.540	13.293	-39.000	-0.60660	-0.50613	-0.27652	0.54709	26.1	null	null	13113	75
2026-05-27T16:50:16.573	WT901BLE68(F3:F0:16:BF:DC:AE)	-0.714	0.559	-0.232	-5.554	20.447	-14.099	97.49	61.12	21.52	-49.647	33.740	-56.807	-0.60660	-0.50613	-0.27652	0.54709	26.1	null	null	13113	75
2026-05-27T16:50:16.661	WT901BLE68(F3:F0:16:BF:DC:AE)	-0.798	0.464	0.062	23.254	-43.030	40.833	95.86	59.25	16.51	-49.647	33.740	-56.807	-0.60660	-0.50613	-0.27652	0.54709	26.1	null	null	13113	75
2026-05-27T16:50:16.784	WT901BLE68(F3:F0:16:BF:DC:AE)	-0.683	0.559	-0.225	16.968	-182.739	51.086	78.58	52.90	-6.95	-49.647	33.740	-56.807	-0.63992	-0.59613	-0.39133	0.28616	26.1	null	null	13113	75
2026-05-27T16:50:16.843	WT901BLE68(F3:F0:16:BF:DC:AE)	-0.922	0.519	0.246	9.338	89.844	-2.319	79.69	51.33	-6.54	-49.647	33.740	-56.807	-0.63992	-0.59613	-0.39133	0.28616	26.1	null	null	13113	75
2026-05-27T16:50:16.962	WT901BLE68(F3:F0:16:BF:DC:AE)	-0.688	0.467	0.219	-19.287	-35.339	-34.485	75.80	53.37	-10.74	-49.647	33.740	-56.807	-0.63992	-0.59613	-0.39133	0.28616	26.1	null	null	13113	75
2026-05-27T16:50:17.052	WT901BLE68(F3:F0:16:BF:DC:AE)	-0.636	0.447	-0.026	-14.954	0.793	-59.814	72.33	58.32	-12.05	-49.647	33.740	-56.807	-0.63992	-0.59613	-0.39133	0.28616	26.1	null	null	13113	75
2026-05-27T16:50:17.178	WT901BLE68(F3:F0:16:BF:DC:AE)	-0.666	0.308	-0.070	2.991	-12.329	-24.658	70.85	63.29	-14.11	-49.647	33.740	-56.807	-0.63992	-0.59613	-0.39133	0.28616	26.1	null	null	13113	75
2026-05-27T16:50:17.261	WT901BLE68(F3:F0:16:BF:DC:AE)	-1.435	1.124	0.005	56.458	-2.014	95.093	76.29	59.48	-11.91	-49.647	33.740	-56.807	-0.63992	-0.59613	-0.39133	0.28616	26.1	null	null	13113	75
2026-05-27T16:50:17.384	WT901BLE68(F3:F0:16:BF:DC:AE)	-1.765	0.399	0.362	56.885	-3.113	-59.265	85.35	55.38	-8.19	-49.647	33.740	-56.807	-0.63992	-0.59613	-0.39133	0.28616	26.1	null	null	13113	75
2026-05-27T16:50:17.441	WT901BLE68(F3:F0:16:BF:DC:AE)	-0.144	0.501	-0.003	-30.701	-165.588	-140.442	63.77	64.36	-35.61	-53.953	25.767	-61.133	-0.63992	-0.59613	-0.39133	0.28616	26.1	null	null	13113	75
2026-05-27T16:50:17.561	WT901BLE68(F3:F0:16:BF:DC:AE)	-0.549	-0.198	0.381	-33.447	102.722	18.494	45.06	71.14	-50.28	-53.953	25.767	-61.133	-0.63992	-0.59613	-0.39133	0.28616	26.1	null	null	13113	75
2026-05-27T16:50:17.652	WT901BLE68(F3:F0:16:BF:DC:AE)	-1.720	0.672	-0.049	-32.654	249.268	59.998	71.83	67.96	-19.11	-53.953	25.767	-61.133	-0.58865	-0.52045	-0.36221	0.50128	26.1	null	null	13113	75
2026-05-27T16:50:17.773	WT901BLE68(F3:F0:16:BF:DC:AE)	-0.529	0.263	-0.146	-13.245	-0.916	-60.669	82.88	71.98	-1.87	-53.953	25.767	-61.133	-0.58865	-0.52045	-0.36221	0.50128	26.1	null	null	13113	75
2026-05-27T16:50:17.863	WT901BLE68(F3:F0:16:BF:DC:AE)	-1.384	0.122	-0.088	20.142	-0.305	-36.072	97.99	76.19	12.38	-53.953	25.767	-61.133	-0.58865	-0.52045	-0.36221	0.50128	26.1	null	null	13113	75
2026-05-27T16:50:17.985	WT901BLE68(F3:F0:16:BF:DC:AE)	-1.104	-0.123	0.540	-78.369	-190.979	-89.966	27.52	77.18	-57.55	-53.953	25.767	-61.133	-0.58865	-0.52045	-0.36221	0.50128	26.1	null	null	13113	75
2026-05-27T16:50:18.070	WT901BLE68(F3:F0:16:BF:DC:AE)	-0.468	0.066	0.110	-78.308	146.667	-33.875	-11.17	72.36	-87.62	-53.953	25.767	-61.133	-0.58865	-0.52045	-0.36221	0.50128	26.1	null	null	13113	75
2026-05-27T16:50:18.195	WT901BLE68(F3:F0:16:BF:DC:AE)	-0.330	-0.027	0.448	2.563	-94.849	7.813	-16.40	77.16	-93.31	-53.953	25.767	-61.133	-0.58865	-0.52045	-0.36221	0.50128	26.1	null	null	13113	75
2026-05-27T16:50:18.251	WT901BLE68(F3:F0:16:BF:DC:AE)	-1.102	-0.141	0.048	4.822	-1.160	13.367	-3.78	74.06	-80.75	-53.953	25.767	-61.133	-0.58865	-0.52045	-0.36221	0.50128	26.1	null	null	13113	75
2026-05-27T16:50:18.372	WT901BLE68(F3:F0:16:BF:DC:AE)	-0.833	0.066	0.271	-9.155	44.434	10.803	-0.31	75.03	-75.51	-83.213	17.627	-40.313	-0.58865	-0.52045	-0.36221	0.50128	26.1	null	null	13113	75
2026-05-27T16:50:18.460	WT901BLE68(F3:F0:16:BF:DC:AE)	-1.030	0.223	0.055	12.512	-52.673	18.188	7.50	77.69	-66.51	-83.213	17.627	-40.313	-0.58865	-0.52045	-0.36221	0.50128	26.1	null	null	13113	75
2026-05-27T16:50:18.579	WT901BLE68(F3:F0:16:BF:DC:AE)	-0.897	0.096	0.123	97.961	-48.462	28.503	19.28	72.83	-60.89	-83.213	17.627	-40.313	-0.63828	-0.38934	-0.46735	0.47168	26.1	null	null	13113	75
2026-05-27T16:50:18.679	WT901BLE68(F3:F0:16:BF:DC:AE)	-1.087	-0.179	0.283	14.526	182.800	2.075	44.95	77.81	-40.62	-83.213	17.627	-40.313	-0.63828	-0.38934	-0.46735	0.47168	26.1	null	null	13113	75
2026-05-27T16:50:18.791	WT901BLE68(F3:F0:16:BF:DC:AE)	-1.238	-0.020	-0.062	-10.254	-23.743	-11.536	87.32	82.44	4.41	-83.213	17.627	-40.313	-0.63828	-0.38934	-0.46735	0.47168	26.1	null	null	13113	75
2026-05-27T16:50:18.849	WT901BLE68(F3:F0:16:BF:DC:AE)	-0.926	0.135	-0.150	25.208	42.114	-12.207	91.92	84.42	8.49	-83.213	17.627	-40.313	-0.63828	-0.38934	-0.46735	0.47168	26.1	null	null	13113	75
2026-05-27T16:50:18.970	WT901BLE68(F3:F0:16:BF:DC:AE)	-0.965	0.193	0.109	104.736	-51.880	10.376	95.68	84.36	3.93	-83.213	17.627	-40.313	-0.63828	-0.38934	-0.46735	0.47168	26.1	null	null	13113	75
2026-05-27T16:50:19.061	WT901BLE68(F3:F0:16:BF:DC:AE)	-0.997	0.026	0.018	49.805	-47.485	0.061	75.64	83.62	-21.05	-83.213	17.627	-40.313	-0.63828	-0.38934	-0.46735	0.47168	26.1	null	null	13113	75
2026-05-27T16:50:19.182	WT901BLE68(F3:F0:16:BF:DC:AE)	-0.784	0.046	0.188	-2.319	14.160	-1.953	51.14	82.69	-45.01	-83.213	17.627	-40.313	-0.63828	-0.38934	-0.46735	0.47168	26.1	null	null	13113	75
2026-05-27T16:50:19.276	WT901BLE68(F3:F0:16:BF:DC:AE)	-1.099	0.058	-0.021	-10.193	12.695	0.610	68.49	83.42	-22.55	-71.927	7.713	-60.553	-0.63828	-0.38934	-0.46735	0.47168	26.1	null	null	13113	75
2026-05-27T16:50:19.392	WT901BLE68(F3:F0:16:BF:DC:AE)	-1.014	0.004	0.107	-3.418	-33.752	5.066	58.72	82.97	-28.32	-71.927	7.713	-60.553	-0.63828	-0.38934	-0.46735	0.47168	26.1	null	null	13113	75
2026-05-27T16:50:19.481	WT901BLE68(F3:F0:16:BF:DC:AE)	-0.962	0.163	0.006	17.517	-47.180	21.057	43.34	79.72	-41.37	-71.927	7.713	-60.553	-0.57101	-0.48209	-0.46667	0.47290	26.1	null	null	13113	75
2026-05-27T16:50:19.607	WT901BLE68(F3:F0:16:BF:DC:AE)	-0.949	0.267	0.125	65.369	-51.270	17.334	38.97	73.99	-50.94	-71.927	7.713	-60.553	-0.57101	-0.48209	-0.46667	0.47290	26.1	null	null	13113	75
2026-05-27T16:50:19.662	WT901BLE68(F3:F0:16:BF:DC:AE)	-0.916	0.250	0.293	87.341	-45.288	10.803	41.98	69.91	-57.69	-71.927	7.713	-60.553	-0.57101	-0.48209	-0.46667	0.47290	26.1	null	null	13113	75
2026-05-27T16:50:19.784	WT901BLE68(F3:F0:16:BF:DC:AE)	-0.963	0.256	0.474	20.142	32.104	-5.005	47.65	69.44	-57.99	-71.927	7.713	-60.553	-0.57101	-0.48209	-0.46667	0.47290	26.1	null	null	13113	75
2026-05-27T16:50:19.870	WT901BLE68(F3:F0:16:BF:DC:AE)	-0.980	0.255	0.370	-27.344	26.245	-17.029	51.04	72.16	-53.01	-71.927	7.713	-60.553	-0.57101	-0.48209	-0.46667	0.47290	26.1	null	null	13113	75
2026-05-27T16:50:19.995	WT901BLE68(F3:F0:16:BF:DC:AE)	-0.953	0.187	0.260	-39.978	21.362	-9.094	50.60	74.56	-49.49	-71.927	7.713	-60.553	-0.57101	-0.48209	-0.46667	0.47290	26.1	null	null	13113	75
2026-05-27T16:50:20.082	WT901BLE68(F3:F0:16:BF:DC:AE)	-0.901	0.129	0.181	-53.711	24.841	7.141	48.37	75.17	-46.63	-71.927	7.713	-60.553	-0.57101	-0.48209	-0.46667	0.47290	26.1	null	null	13113	75
2026-05-27T16:50:20.204	WT901BLE68(F3:F0:16:BF:DC:AE)	-0.973	0.151	0.018	-52.917	30.151	8.057	54.72	76.43	-34.41	-73.660	6.867	-57.840	-0.57101	-0.48209	-0.46667	0.47290	26.1	null	null	13113	75
2026-05-27T16:50:20.261	WT901BLE68(F3:F0:16:BF:DC:AE)	-1.040	0.199	-0.073	-16.113	11.292	-4.761	62.86	77.94	-23.59	-73.660	6.867	-57.840	-0.57101	-0.48209	-0.46667	0.47290	26.1	null	null	13113	75
2026-05-27T16:50:20.380	WT901BLE68(F3:F0:16:BF:DC:AE)	-1.025	0.137	0.059	26.306	15.564	-10.254	65.56	79.01	-24.02	-73.660	6.867	-57.840	-0.57791	-0.50879	-0.44095	0.46109	26.1	null	null	13113	75
2026-05-27T16:50:20.474	WT901BLE68(F3:F0:16:BF:DC:AE)	-1.106	0.171	0.196	2.441	39.978	-37.659	73.88	81.72	-18.58	-73.660	6.867	-57.840	-0.57791	-0.50879	-0.44095	0.46109	26.1	null	null	13113	75
2026-05-27T16:50:20.595	WT901BLE68(F3:F0:16:BF:DC:AE)	-1.033	0.159	0.128	-50.476	45.593	-52.063	121.45	85.94	32.93	-73.660	6.867	-57.840	-0.57791	-0.50879	-0.44095	0.46109	26.1	null	null	13113	75
2026-05-27T16:50:20.681	WT901BLE68(F3:F0:16:BF:DC:AE)	-0.979	0.036	0.060	-59.265	24.170	-36.682	-176.45	84.69	100.81	-73.660	6.867	-57.840	-0.57791	-0.50879	-0.44095	0.46109	26.1	null	null	13113	75
2026-05-27T16:50:20.804	WT901BLE68(F3:F0:16:BF:DC:AE)	-1.057	-0.045	-0.104	-88.013	-11.353	-12.573	-164.81	83.61	119.60	-73.660	6.867	-57.840	-0.57791	-0.50879	-0.44095	0.46109	26.1	null	null	13113	75
2026-05-27T16:50:20.890	WT901BLE68(F3:F0:16:BF:DC:AE)	-1.023	0.168	-0.328	-73.853	-50.720	-3.784	-160.39	85.12	131.31	-73.660	6.867	-57.840	-0.57791	-0.50879	-0.44095	0.46109	26.1	null	null	13113	75
2026-05-27T16:50:21.012	WT901BLE68(F3:F0:16:BF:DC:AE)	-0.801	0.031	-0.337	78.918	-2.075	48.157	79.99	88.96	8.79	-73.660	6.867	-57.840	-0.57791	-0.50879	-0.44095	0.46109	26.1	null	null	13113	75
2026-05-27T16:50:21.074	WT901BLE68(F3:F0:16:BF:DC:AE)	-1.133	-0.066	0.235	-54.321	83.130	-7.507	143.93	83.28	69.76	-69.840	19.320	-59.613	-0.57791	-0.50879	-0.44095	0.46109	26.1	null	null	13113	75
2026-05-27T16:50:21.194	WT901BLE68(F3:F0:16:BF:DC:AE)	-1.164	-0.064	-0.160	-113.464	36.255	-65.857	176.06	80.34	112.75	-69.840	19.320	-59.613	-0.57791	-0.50879	-0.44095	0.46109	26.1	null	null	13113	75
2026-05-27T16:50:21.280	WT901BLE68(F3:F0:16:BF:DC:AE)	-0.729	-0.205	-0.460	-42.236	0.183	-39.612	-151.10	81.47	156.61	-69.840	19.320	-59.613	-0.56110	-0.36826	-0.66647	0.32440	26.1	null	null	13113	75
2026-05-27T16:50:21.403	WT901BLE68(F3:F0:16:BF:DC:AE)	-0.783	-0.128	-0.445	102.295	-75.256	43.091	-135.22	84.66	171.54	-69.840	19.320	-59.613	-0.56110	-0.36826	-0.66647	0.32440	26.1	null	null	13113	75
2026-05-27T16:50:21.493	WT901BLE68(F3:F0:16:BF:DC:AE)	-1.145	-0.036	0.148	113.098	-24.536	39.917	-165.67	88.37	131.34	-69.840	19.320	-59.613	-0.56110	-0.36826	-0.66647	0.32440	26.1	null	null	13113	75
2026-05-27T16:50:21.617	WT901BLE68(F3:F0:16:BF:DC:AE)	-1.023	-0.006	0.311	13.306	48.767	-6.653	164.72	88.65	95.28	-69.840	19.320	-59.613	-0.56110	-0.36826	-0.66647	0.32440	26.1	null	null	13113	75
2026-05-27T16:50:21.674	WT901BLE68(F3:F0:16:BF:DC:AE)	-0.996	-0.086	-0.095	-35.461	-36.865	-31.860	-134.37	86.79	154.18	-69.840	19.320	-59.613	-0.56110	-0.36826	-0.66647	0.32440	26.1	null	null	13113	75
2026-05-27T16:50:21.795	WT901BLE68(F3:F0:16:BF:DC:AE)	-0.786	0.060	-0.197	-1.465	-41.443	3.662	-95.70	85.87	-163.59	-69.840	19.320	-59.613	-0.56110	-0.36826	-0.66647	0.32440	26.1	null	null	13113	75
2026-05-27T16:50:21.883	WT901BLE68(F3:F0:16:BF:DC:AE)	-0.837	0.181	-0.090	63.171	30.518	66.833	17.40	87.80	-49.11	-69.840	19.320	-59.613	-0.56110	-0.36826	-0.66647	0.32440	26.1	null	null	13113	75
2026-05-27T16:50:22.000	WT901BLE68(F3:F0:16:BF:DC:AE)	-1.248	0.025	0.045	68.176	-46.387	42.053	82.23	83.33	11.93	-70.893	20.127	-56.940	-0.56110	-0.36826	-0.66647	0.32440	26.1	null	null	13113	75
2026-05-27T16:50:22.095	WT901BLE68(F3:F0:16:BF:DC:AE)	-1.196	0.099	0.217	25.818	-11.841	-6.104	71.07	81.99	-3.98	-70.893	20.127	-56.940	-0.56110	-0.36826	-0.66647	0.32440	26.1	null	null	13113	75
2026-05-27T16:50:22.213	WT901BLE68(F3:F0:16:BF:DC:AE)	-1.075	0.152	0.165	-25.085	6.165	-20.752	55.65	83.06	-18.51	-70.893	20.127	-56.940	-0.60370	-0.44687	-0.51584	0.41193	26.1	null	null	13113	75
2026-05-27T16:50:22.303	WT901BLE68(F3:F0:16:BF:DC:AE)	-0.805	0.070	0.146	-33.386	-40.405	-27.161	21.40	81.53	-51.19	-70.893	20.127	-56.940	-0.60370	-0.44687	-0.51584	0.41193	26.1	null	null	13113	75
2026-05-27T16:50:22.422	WT901BLE68(F3:F0:16:BF:DC:AE)	-0.856	0.058	-0.047	4.639	-12.695	-5.005	9.94	81.88	-63.84	-70.893	20.127	-56.940	-0.60370	-0.44687	-0.51584	0.41193	26.1	null	null	13113	75
2026-05-27T16:50:22.486	WT901BLE68(F3:F0:16:BF:DC:AE)	-0.895	0.201	0.147	92.407	-47.058	26.550	20.92	75.71	-63.93	-70.893	20.127	-56.940	-0.60370	-0.44687	-0.51584	0.41193	26.1	null	null	13113	75
2026-05-27T16:50:22.602	WT901BLE68(F3:F0:16:BF:DC:AE)	-1.100	0.156	0.462	45.715	14.587	5.066	35.85	74.95	-60.35	-70.893	20.127	-56.940	-0.60370	-0.44687	-0.51584	0.41193	26.1	null	null	13113	75
2026-05-27T16:50:22.697	WT901BLE68(F3:F0:16:BF:DC:AE)	-1.085	0.085	0.214	-20.508	32.104	-5.432	39.88	76.95	-58.38	-70.893	20.127	-56.940	-0.60370	-0.44687	-0.51584	0.41193	26.1	null	null	13113	75
2026-05-27T16:50:22.811	WT901BLE68(F3:F0:16:BF:DC:AE)	-1.090	0.059	0.187	-13.672	22.827	-37.109	40.11	80.50	-58.46	-70.893	20.127	-56.940	-0.60370	-0.44687	-0.51584	0.41193	26.1	null	null	13113	75
2026-05-27T16:50:22.901	WT901BLE68(F3:F0:16:BF:DC:AE)	-0.853	0.120	-0.003	-8.789	17.212	-36.316	16.97	84.17	-83.03	-73.380	10.740	-57.933	-0.60370	-0.44687	-0.51584	0.41193	26.1	null	null	13113	75
2026-05-27T16:50:23.023	WT901BLE68(F3:F0:16:BF:DC:AE)	-0.734	0.153	-0.107	58.533	-31.311	10.864	3.77	82.27	-102.70	-73.380	10.740	-57.933	-0.60370	-0.44687	-0.51584	0.41193	26.1	null	null	13113	75
2026-05-27T16:50:23.084	WT901BLE68(F3:F0:16:BF:DC:AE)	-0.969	0.016	0.286	64.453	-17.517	54.382	32.42	79.14	-86.97	-73.380	10.740	-57.933	-0.43024	-0.55389	-0.34259	0.62500	26.1	null	null	13113	75
2026-05-27T16:50:23.204	WT901BLE68(F3:F0:16:BF:DC:AE)	-1.333	0.060	0.386	-22.888	25.208	-20.203	49.04	78.33	-76.06	-73.380	10.740	-57.933	-0.43024	-0.55389	-0.34259	0.62500	26.1	null	null	13113	75
2026-05-27T16:50:23.296	WT901BLE68(F3:F0:16:BF:DC:AE)	-1.028	0.110	0.038	-60.242	-83.679	-41.565	21.04	78.71	-102.38	-73.380	10.740	-57.933	-0.43024	-0.55389	-0.34259	0.62500	26.1	null	null	13113	75
2026-05-27T16:50:23.417	WT901BLE68(F3:F0:16:BF:DC:AE)	-0.882	0.208	0.187	-31.128	-33.020	-32.837	-3.74	75.54	-127.08	-73.380	10.740	-57.933	-0.43024	-0.55389	-0.34259	0.62500	26.1	null	null	13113	75
2026-05-27T16:50:23.505	WT901BLE68(F3:F0:16:BF:DC:AE)	-0.599	0.012	0.234	25.513	-22.278	45.593	-2.22	69.99	-130.20	-73.380	10.740	-57.933	-0.43024	-0.55389	-0.34259	0.62500	26.1	null	null	13113	75
2026-05-27T16:50:23.623	WT901BLE68(F3:F0:16:BF:DC:AE)	-1.194	0.134	-0.060	31.433	73.425	56.458	23.05	72.18	-110.15	-73.380	10.740	-57.933	-0.43024	-0.55389	-0.34259	0.62500	26.1	null	null	13113	75
2026-05-27T16:50:23.711	WT901BLE68(F3:F0:16:BF:DC:AE)	-1.325	0.040	0.470	24.719	84.045	-9.033	50.29	77.19	-87.57	-73.380	10.740	-57.933	-0.43024	-0.55389	-0.34259	0.62500	26.1	null	null	13113	75
2026-05-27T16:50:23.832	WT901BLE68(F3:F0:16:BF:DC:AE)	-1.129	0.168	0.427	-43.945	-8.545	-28.137	56.94	81.01	-79.49	-72.627	9.700	-58.220	-0.43024	-0.55389	-0.34259	0.62500	26.1	null	null	13113	75
2026-05-27T16:50:23.893	WT901BLE68(F3:F0:16:BF:DC:AE)	-0.721	0.234	-0.358	-9.338	17.456	18.738	44.60	81.61	-87.30	-72.627	9.700	-58.220	-0.43024	-0.55389	-0.34259	0.62500	26.1	null	null	13113	75
2026-05-27T16:50:24.011	WT901BLE68(F3:F0:16:BF:DC:AE)	-1.370	0.103	0.110	44.739	53.162	1.282	68.99	79.72	-71.06	-72.627	9.700	-58.220	-0.32996	-0.63681	-0.22079	0.66086	26.1	null	null	13113	75
2026-05-27T16:50:24.105	WT901BLE68(F3:F0:16:BF:DC:AE)	-1.062	0.112	0.248	-32.104	-8.240	-59.692	66.53	83.38	-76.08	-72.627	9.700	-58.220	-0.32996	-0.63681	-0.22079	0.66086	26.1	null	null	13113	75
2026-05-27T16:50:24.222	WT901BLE68(F3:F0:16:BF:DC:AE)	-0.656	0.116	0.041	-32.104	-13.000	3.662	23.33	83.83	-117.89	-72.627	9.700	-58.220	-0.32996	-0.63681	-0.22079	0.66086	26.1	null	null	13113	75
2026-05-27T16:50:24.312	WT901BLE68(F3:F0:16:BF:DC:AE)	-0.797	0.320	-0.028	51.880	-51.453	69.336	42.92	79.29	-103.01	-72.627	9.700	-58.220	-0.32996	-0.63681	-0.22079	0.66086	26.1	null	null	13113	75
2026-05-27T16:50:24.433	WT901BLE68(F3:F0:16:BF:DC:AE)	-1.336	0.049	0.353	-2.136	30.457	33.081	70.40	74.41	-85.55	-72.627	9.700	-58.220	-0.32996	-0.63681	-0.22079	0.66086	26.1	null	null	13113	75
2026-05-27T16:50:24.490	WT901BLE68(F3:F0:16:BF:DC:AE)	-1.168	0.216	0.174	-74.890	62.439	-16.357	81.39	75.10	-68.98	-72.627	9.700	-58.220	-0.32996	-0.63681	-0.22079	0.66086	26.1	null	null	13113	75
2026-05-27T16:50:24.615	WT901BLE68(F3:F0:16:BF:DC:AE)	-0.802	0.217	-0.034	-48.462	-18.738	-7.568	75.80	76.92	-64.63	-72.627	9.700	-58.220	-0.32996	-0.63681	-0.22079	0.66086	26.1	null	null	13113	75
2026-05-27T16:50:24.699	WT901BLE68(F3:F0:16:BF:DC:AE)	-0.982	0.454	-0.139	10.132	8.118	29.846	73.53	74.98	-63.29	-68.333	21.047	-55.313	-0.32996	-0.63681	-0.22079	0.66086	26.1	null	null	13113	75
2026-05-27T16:50:24.821	WT901BLE68(F3:F0:16:BF:DC:AE)	-1.027	0.167	0.125	22.461	15.625	4.700	82.34	72.84	-54.72	-68.333	21.047	-55.313	-0.32996	-0.63681	-0.22079	0.66086	26.1	null	null	13113	75
2026-05-27T16:50:24.910	WT901BLE68(F3:F0:16:BF:DC:AE)	-1.106	0.098	0.059	-41.504	35.156	-34.790	94.78	74.78	-37.16	-68.333	21.047	-55.313	-0.36029	-0.68152	-0.16489	0.61514	26.1	null	null	13113	75
2026-05-27T16:50:25.037	WT901BLE68(F3:F0:16:BF:DC:AE)	-0.844	0.229	-0.282	-25.085	72.998	-50.598	115.10	78.39	-9.37	-68.333	21.047	-55.313	-0.36029	-0.68152	-0.16489	0.61514	26.1	null	null	13113	75
2026-05-27T16:50:25.123	WT901BLE68(F3:F0:16:BF:DC:AE)	-0.576	0.332	-0.164	-10.437	-0.122	39.429	122.89	77.67	2.20	-68.333	21.047	-55.313	-0.36029	-0.68152	-0.16489	0.61514	26.1	null	null	13113	75
2026-05-27T16:50:25.239	WT901BLE68(F3:F0:16:BF:DC:AE)	-1.299	0.167	-0.046	-9.766	-20.203	20.935	120.61	72.12	1.59	-68.333	21.047	-55.313	-0.36029	-0.68152	-0.16489	0.61514	26.1	null	null	13113	75
2026-05-27T16:50:25.301	WT901BLE68(F3:F0:16:BF:DC:AE)	-1.237	0.144	-0.001	-40.039	26.062	-53.589	125.15	73.84	11.84	-68.333	21.047	-55.313	-0.36029	-0.68152	-0.16489	0.61514	26.1	null	null	13113	75
2026-05-27T16:50:25.426	WT901BLE68(F3:F0:16:BF:DC:AE)	-0.764	0.208	-0.205	-40.833	7.202	-28.992	130.10	77.93	23.52	-68.333	21.047	-55.313	-0.36029	-0.68152	-0.16489	0.61514	26.1	null	null	13113	75
2026-05-27T16:50:25.511	WT901BLE68(F3:F0:16:BF:DC:AE)	-0.959	0.185	-0.201	-46.814	14.221	-24.536	141.02	78.02	40.69	-68.333	21.047	-55.313	-0.36029	-0.68152	-0.16489	0.61514	26.1	null	null	13113	75
2026-05-27T16:50:25.631	WT901BLE68(F3:F0:16:BF:DC:AE)	-1.127	-0.063	-0.313	-41.992	-0.305	-60.303	160.41	77.85	66.93	-65.560	27.227	-55.113	-0.36029	-0.68152	-0.16489	0.61514	26.1	null	null	13113	75
2026-05-27T16:50:25.724	WT901BLE68(F3:F0:16:BF:DC:AE)	-0.874	-0.003	-0.350	-8.911	-26.550	-54.565	-172.85	78.26	98.08	-65.560	27.227	-55.113	-0.36029	-0.68152	-0.16489	0.61514	26.1	null	null	13113	75
2026-05-27T16:50:25.841	WT901BLE68(F3:F0:16:BF:DC:AE)	-0.743	-0.033	-0.356	22.095	-73.120	12.207	-152.32	82.34	119.82	-65.560	27.227	-55.113	-0.44702	-0.52158	-0.56357	0.45868	26.1	null	null	13113	75
2026-05-27T16:50:25.899	WT901BLE68(F3:F0:16:BF:DC:AE)	-0.816	0.095	-0.158	80.383	-12.085	72.510	167.88	86.98	76.59	-65.560	27.227	-55.113	-0.44702	-0.52158	-0.56357	0.45868	26.1	null	null	13113	75
2026-05-27T16:50:26.024	WT901BLE68(F3:F0:16:BF:DC:AE)	-1.021	0.076	-0.115	92.346	-46.082	55.115	107.46	83.10	7.20	-65.560	27.227	-55.113	-0.44702	-0.52158	-0.56357	0.45868	26.1	null	null	13113	75
2026-05-27T16:50:26.114	WT901BLE68(F3:F0:16:BF:DC:AE)	-1.277	0.083	0.123	38.452	30.640	-13.000	112.78	81.22	8.73	-65.560	27.227	-55.113	-0.44702	-0.52158	-0.56357	0.45868	26.1	null	null	13113	75
2026-05-27T16:50:26.233	WT901BLE68(F3:F0:16:BF:DC:AE)	-1.175	0.020	0.044	23.865	2.258	-73.792	157.81	83.19	57.60	-65.560	27.227	-55.113	-0.44702	-0.52158	-0.56357	0.45868	26.1	null	null	13113	75
2026-05-27T16:50:26.324	WT901BLE68(F3:F0:16:BF:DC:AE)	-0.751	0.004	-0.225	28.198	-33.569	-24.597	-138.66	86.01	120.34	-65.560	27.227	-55.113	-0.44702	-0.52158	-0.56357	0.45868	26.1	null	null	13113	75
2026-05-27T16:50:26.442	WT901BLE68(F3:F0:16:BF:DC:AE)	-0.849	0.086	-0.125	80.505	-52.368	44.617	-54.14	88.99	-163.98	-65.560	27.227	-55.113	-0.44702	-0.52158	-0.56357	0.45868	26.1	null	null	13113	75
2026-05-27T16:50:26.498	WT901BLE68(F3:F0:16:BF:DC:AE)	-0.886	0.104	0.189	76.721	-83.130	47.119	32.96	80.30	-88.25	-79.220	7.333	-52.640	-0.44702	-0.52158	-0.56357	0.45868	26.1	null	null	13113	75
2026-05-27T16:50:26.655	WT901BLE68(F3:F0:16:BF:DC:AE)	-1.135	0.071	0.399	-13.916	35.156	-1.465	35.71	77.22	-87.50	-79.220	7.333	-52.640	-0.44702	-0.52158	-0.56357	0.45868	26.1	null	null	13113	75
2026-05-27T16:50:26.708	WT901BLE68(F3:F0:16:BF:DC:AE)	-0.989	0.106	0.031	-24.170	15.747	-30.701	27.98	79.44	-91.92	-79.220	7.333	-52.640	-0.40872	-0.58038	-0.28360	0.64462	26.1	null	null	13113	75
2026-05-27T16:50:26.837	WT901BLE68(F3:F0:16:BF:DC:AE)	-0.816	0.089	-0.021	32.837	-37.720	1.770	18.52	78.53	-102.62	-79.220	7.333	-52.640	-0.40872	-0.58038	-0.28360	0.64462	26.1	null	null	13113	75
2026-05-27T16:50:26.922	WT901BLE68(F3:F0:16:BF:DC:AE)	-0.797	0.126	0.192	124.390	-66.345	40.588	29.19	72.27	-104.81	-79.220	7.333	-52.640	-0.40872	-0.58038	-0.28360	0.64462	26.1	null	null	13113	75
2026-05-27T16:50:27.045	WT901BLE68(F3:F0:16:BF:DC:AE)	-1.114	0.408	0.587	91.064	55.847	33.997	54.82	69.81	-94.04	-79.220	7.333	-52.640	-0.40872	-0.58038	-0.28360	0.64462	26.1	null	null	13113	75
2026-05-27T16:50:27.131	WT901BLE68(F3:F0:16:BF:DC:AE)	-1.255	0.317	0.555	7.813	10.559	-18.372	70.26	72.01	-82.21	-79.220	7.333	-52.640	-0.40872	-0.58038	-0.28360	0.64462	26.1	null	null	13113	75
2026-05-27T16:50:27.253	WT901BLE68(F3:F0:16:BF:DC:AE)	-0.985	0.312	0.280	-34.790	-20.264	-33.264	56.68	73.86	-94.26	-79.220	7.333	-52.640	-0.40872	-0.58038	-0.28360	0.64462	26.1	null	null	13113	75
2026-05-27T16:50:27.313	WT901BLE68(F3:F0:16:BF:DC:AE)	-0.861	0.244	0.110	-35.156	4.517	-18.250	43.59	74.66	-105.39	-79.220	7.333	-52.640	-0.40872	-0.58038	-0.28360	0.64462	26.1	null	null	13113	75
2026-05-27T16:50:27.430	WT901BLE68(F3:F0:16:BF:DC:AE)	-0.807	0.154	0.080	2.075	0.183	13.428	41.50	74.11	-108.45	-81.833	0.207	-49.033	-0.40872	-0.58038	-0.28360	0.64462	26.1	null	null	13113	75
2026-05-27T16:50:27.522	WT901BLE68(F3:F0:16:BF:DC:AE)	-0.840	0.196	0.161	33.875	-23.071	41.321	47.89	70.50	-106.72	-81.833	0.207	-49.033	-0.40872	-0.58038	-0.28360	0.64462	26.1	null	null	13113	75
2026-05-27T16:50:27.638	WT901BLE68(F3:F0:16:BF:DC:AE)	-1.000	0.292	0.509	-9.583	13.062	23.987	51.59	67.29	-106.19	-81.833	0.207	-49.033	-0.25443	-0.61649	-0.02039	0.74475	26.1	null	null	13113	75
2026-05-27T16:50:27.734	WT901BLE68(F3:F0:16:BF:DC:AE)	-1.073	0.435	0.583	-85.938	51.453	-16.785	51.36	69.26	-100.77	-81.833	0.207	-49.033	-0.25443	-0.61649	-0.02039	0.74475	26.1	null	null	13113	75
2026-05-27T16:50:27.854	WT901BLE68(F3:F0:16:BF:DC:AE)	-1.025	0.254	0.278	-112.854	37.048	-35.950	42.76	73.53	-99.64	-81.833	0.207	-49.033	-0.25443	-0.61649	-0.02039	0.74475	26.1	null	null	13113	75
2026-05-27T16:50:27.944	WT901BLE68(F3:F0:16:BF:DC:AE)	-0.968	0.099	0.045	-113.464	37.720	-51.208	23.16	78.13	-110.00	-81.833	0.207	-49.033	-0.25443	-0.61649	-0.02039	0.74475	26.1	null	null	13113	75
2026-05-27T16:50:28.064	WT901BLE68(F3:F0:16:BF:DC:AE)	-0.964	-0.070	0.125	-110.657	69.702	-65.125	-22.55	83.25	-147.90	-81.833	0.207	-49.033	-0.25443	-0.61649	-0.02039	0.74475	26.1	null	null	13113	75
2026-05-27T16:50:28.122	WT901BLE68(F3:F0:16:BF:DC:AE)	-0.908	-0.083	0.012	-100.525	28.320	-58.960	-80.29	80.54	162.17	-81.833	0.207	-49.033	-0.25443	-0.61649	-0.02039	0.74475	26.1	null	null	13113	75
2026-05-27T16:50:28.245	WT901BLE68(F3:F0:16:BF:DC:AE)	-0.981	-0.061	-0.183	-40.527	-60.425	-18.616	-85.07	77.05	163.39	-81.833	0.207	-49.033	-0.25443	-0.61649	-0.02039	0.74475	26.1	null	null	13113	75
2026-05-27T16:50:28.330	WT901BLE68(F3:F0:16:BF:DC:AE)	-0.639	-0.211	-0.235	40.222	-14.099	36.438	-64.84	77.49	-173.22	-86.860	6.580	-40.347	-0.25443	-0.61649	-0.02039	0.74475	26.1	null	null	13113	75
2026-05-27T16:50:28.453	WT901BLE68(F3:F0:16:BF:DC:AE)	-0.990	-0.206	0.047	3.479	24.902	24.048	-61.71	80.38	-168.98	-86.860	6.580	-40.347	-0.25443	-0.61649	-0.02039	0.74475	26.1	null	null	13113	75
2026-05-27T16:50:28.540	WT901BLE68(F3:F0:16:BF:DC:AE)	-1.130	-0.212	0.166	25.085	-0.610	11.780	-70.91	82.92	-179.43	-86.860	6.580	-40.347	-0.39255	-0.52435	-0.44437	0.61105	26.1	null	null	13113	75
2026-05-27T16:50:28.664	WT901BLE68(F3:F0:16:BF:DC:AE)	-1.149	-0.236	0.263	1.404	9.644	-16.296	-67.24	82.70	-179.63	-86.860	6.580	-40.347	-0.39255	-0.52435	-0.44437	0.61105	26.1	null	null	13113	75
2026-05-27T16:50:28.718	WT901BLE68(F3:F0:16:BF:DC:AE)	-1.045	-0.303	0.113	-44.617	1.465	-49.683	-76.12	79.14	171.50	-86.860	6.580	-40.347	-0.39255	-0.52435	-0.44437	0.61105	26.1	null	null	13113	75
2026-05-27T16:50:28.844	WT901BLE68(F3:F0:16:BF:DC:AE)	-0.969	-0.331	-0.115	-20.752	3.723	-52.307	-86.87	74.01	161.71	-86.860	6.580	-40.347	-0.39255	-0.52435	-0.44437	0.61105	26.1	null	null	13113	75
2026-05-27T16:50:28.937	WT901BLE68(F3:F0:16:BF:DC:AE)	-0.740	-0.292	-0.213	14.526	-7.935	-37.109	-86.20	69.18	162.08	-86.860	6.580	-40.347	-0.39255	-0.52435	-0.44437	0.61105	26.1	null	null	13113	75
2026-05-27T16:50:29.055	WT901BLE68(F3:F0:16:BF:DC:AE)	-0.798	-0.268	-0.020	59.937	2.991	1.648	-83.64	67.46	161.42	-86.860	6.580	-40.347	-0.39255	-0.52435	-0.44437	0.61105	26.1	null	null	13113	75
2026-05-27T16:50:29.145	WT901BLE68(F3:F0:16:BF:DC:AE)	-0.779	-0.361	-0.112	99.243	-6.653	30.884	-77.48	69.14	160.52	-86.860	6.580	-40.347	-0.39255	-0.52435	-0.44437	0.61105	26.1	null	null	13113	75
2026-05-27T16:50:29.264	WT901BLE68(F3:F0:16:BF:DC:AE)	-1.087	-0.325	0.167	67.261	47.729	9.216	-72.65	71.59	156.74	-89.367	-4.747	-39.453	-0.39255	-0.52435	-0.44437	0.61105	26.1	null	null	13113	75
