time	DeviceName	AccX(g)	AccY(g)	AccZ(g)	AsX(°/s)	AsY(°/s)	AsZ(°/s)	AngleX(°)	AngleY(°)	AngleZ(°)	HX(uT)	HY(uT)	HZ(uT)	Q0()	Q1()	Q2()	Q3()	Temperature(°C)	Height(m)	Pressure(kPa)	Version()	Battery level(%)
2026-05-27T16:56:51.105	WT901BLE68(F3:F0:16:BF:DC:AE)	0.616	-0.327	0.565	-12.756	-85.754	26.672	-27.71	-47.94	15.45	3.567	6.287	15.747	0.77332	0.52417	-0.30811	-0.17950	25.9	null	null	13113	60
2026-05-27T16:56:51.188	WT901BLE68(F3:F0:16:BF:DC:AE)	0.755	-0.430	0.525	-1.404	-40.833	11.353	-34.27	-52.26	26.21	3.567	6.287	15.747	0.88278	-0.16553	-0.43802	0.03604	25.9	null	null	13113	60
2026-05-27T16:56:51.313	WT901BLE68(F3:F0:16:BF:DC:AE)	0.721	-0.435	0.534	3.723	-0.854	3.784	-36.06	-52.84	32.40	3.567	6.287	15.747	0.88278	-0.16553	-0.43802	0.03604	25.9	null	null	13113	60
2026-05-27T16:56:51.399	WT901BLE68(F3:F0:16:BF:DC:AE)	0.704	-0.448	0.437	-4.761	-42.358	2.319	-38.86	-54.12	38.77	3.567	6.287	15.747	0.88278	-0.16553	-0.43802	0.03604	25.9	null	null	13113	60
2026-05-27T16:56:51.521	WT901BLE68(F3:F0:16:BF:DC:AE)	0.825	-0.433	0.429	9.888	1.709	-7.874	-40.91	-55.88	44.57	3.567	6.287	15.747	0.88278	-0.16553	-0.43802	0.03604	25.9	null	null	13113	60
2026-05-27T16:56:51.612	WT901BLE68(F3:F0:16:BF:DC:AE)	0.756	-0.381	0.432	14.282	6.592	-5.432	-37.84	-55.12	45.26	3.567	6.287	15.747	0.88278	-0.16553	-0.43802	0.03604	25.9	null	null	13113	60
2026-05-27T16:56:51.732	WT901BLE68(F3:F0:16:BF:DC:AE)	0.789	-0.325	0.356	42.480	-9.949	-0.977	-36.84	-56.18	49.39	3.567	6.287	15.747	0.88278	-0.16553	-0.43802	0.03604	25.9	null	null	13113	60
2026-05-27T16:56:51.790	WT901BLE68(F3:F0:16:BF:DC:AE)	0.782	-0.276	0.512	71.838	3.235	-2.136	-29.67	-56.08	50.53	3.567	6.287	15.747	0.88278	-0.16553	-0.43802	0.03604	25.9	null	null	13113	60
2026-05-27T16:56:51.910	WT901BLE68(F3:F0:16:BF:DC:AE)	1.004	-0.500	0.780	5.310	-35.034	17.212	-28.80	-57.87	55.85	21.813	2.980	-2.440	0.88278	-0.16553	-0.43802	0.03604	25.9	null	null	13113	60
2026-05-27T16:56:52.001	WT901BLE68(F3:F0:16:BF:DC:AE)	0.878	-0.372	0.443	-30.457	-8.423	39.551	-38.98	-58.08	66.41	21.813	2.980	-2.440	0.88278	-0.16553	-0.43802	0.03604	25.9	null	null	13113	60
2026-05-27T16:56:52.117	WT901BLE68(F3:F0:16:BF:DC:AE)	0.443	-0.226	0.248	7.385	26.917	3.357	-38.98	-53.68	67.47	21.813	2.980	-2.440	0.77850	-0.00809	-0.53268	0.33170	25.9	null	null	13113	60
2026-05-27T16:56:52.211	WT901BLE68(F3:F0:16:BF:DC:AE)	0.700	-0.133	0.355	60.547	16.907	-13.611	-34.66	-54.70	68.52	21.813	2.980	-2.440	0.77850	-0.00809	-0.53268	0.33170	25.9	null	null	13113	60
2026-05-27T16:56:52.334	WT901BLE68(F3:F0:16:BF:DC:AE)	0.879	-0.434	0.759	43.274	-49.072	-12.817	-27.89	-56.89	69.20	21.813	2.980	-2.440	0.77850	-0.00809	-0.53268	0.33170	25.9	null	null	13113	60
2026-05-27T16:56:52.419	WT901BLE68(F3:F0:16:BF:DC:AE)	0.947	-0.426	0.751	-37.964	-10.193	11.414	-29.28	-57.93	71.72	21.813	2.980	-2.440	0.77850	-0.00809	-0.53268	0.33170	25.9	null	null	13113	60
2026-05-27T16:56:52.515	WT901BLE68(F3:F0:16:BF:DC:AE)	0.773	-0.261	0.343	-40.710	5.005	5.676	-36.64	-57.62	75.98	21.813	2.980	-2.440	0.77850	-0.00809	-0.53268	0.33170	25.9	null	null	13113	60
2026-05-27T16:56:52.600	WT901BLE68(F3:F0:16:BF:DC:AE)	0.694	-0.155	0.077	46.814	21.057	-16.907	-33.18	-56.44	73.84	21.813	2.980	-2.440	0.77850	-0.00809	-0.53268	0.33170	25.9	null	null	13113	60
2026-05-27T16:56:52.723	WT901BLE68(F3:F0:16:BF:DC:AE)	0.836	-0.292	0.484	110.046	2.014	-28.015	-19.79	-57.18	70.08	21.813	2.980	-2.440	0.77850	-0.00809	-0.53268	0.33170	25.9	null	null	13113	60
2026-05-27T16:56:52.839	WT901BLE68(F3:F0:16:BF:DC:AE)	1.036	-0.278	0.863	45.105	9.338	4.883	-11.47	-57.09	68.85	22.987	10.587	-10.400	0.77850	-0.00809	-0.53268	0.33170	25.9	null	null	13113	60
2026-05-27T16:56:52.933	WT901BLE68(F3:F0:16:BF:DC:AE)	0.943	-0.158	0.550	-58.777	-117.615	46.448	-21.48	-61.03	77.88	22.987	10.587	-10.400	0.77850	-0.00809	-0.53268	0.33170	25.9	null	null	13113	60
2026-05-27T16:56:52.989	WT901BLE68(F3:F0:16:BF:DC:AE)	0.708	-0.038	0.154	18.005	56.580	20.630	-33.60	-62.52	89.14	22.987	10.587	-10.400	0.69165	0.18103	-0.52994	0.45596	25.9	null	null	13113	60
2026-05-27T16:56:53.143	WT901BLE68(F3:F0:16:BF:DC:AE)	0.568	0.103	0.334	126.709	26.123	-52.185	-15.42	-59.07	79.49	22.987	10.587	-10.400	0.69165	0.18103	-0.52994	0.45596	25.9	null	null	13113	60
2026-05-27T16:56:53.201	WT901BLE68(F3:F0:16:BF:DC:AE)	1.087	0.109	1.061	14.343	-25.757	-37.109	1.63	-60.52	69.04	22.987	10.587	-10.400	0.69165	0.18103	-0.52994	0.45596	25.9	null	null	13113	60
2026-05-27T16:56:53.325	WT901BLE68(F3:F0:16:BF:DC:AE)	1.070	0.025	0.707	-177.551	-185.486	35.950	-11.61	-71.09	71.65	22.987	10.587	-10.400	0.69165	0.18103	-0.52994	0.45596	25.9	null	null	13113	60
2026-05-27T16:56:53.410	WT901BLE68(F3:F0:16:BF:DC:AE)	0.825	-0.012	-0.007	-198.792	-76.721	38.757	-59.77	-76.00	102.01	22.987	10.587	-10.400	0.69165	0.18103	-0.52994	0.45596	25.9	null	null	13113	60
2026-05-27T16:56:53.531	WT901BLE68(F3:F0:16:BF:DC:AE)	0.709	0.015	-0.422	25.391	139.221	-66.406	-44.73	-75.20	79.89	22.987	10.587	-10.400	0.69165	0.18103	-0.52994	0.45596	25.9	null	null	13113	60
2026-05-27T16:56:53.620	WT901BLE68(F3:F0:16:BF:DC:AE)	0.943	-0.006	0.152	100.037	-10.803	-96.558	6.43	-75.61	36.64	22.987	10.587	-10.400	0.69165	0.18103	-0.52994	0.45596	25.9	null	null	13113	60
2026-05-27T16:56:53.742	WT901BLE68(F3:F0:16:BF:DC:AE)	1.291	0.065	0.691	-46.021	-58.899	-10.620	32.06	-77.00	12.68	15.300	24.593	-23.420	0.69165	0.18103	-0.52994	0.45596	25.9	null	null	13113	60
2026-05-27T16:56:53.797	WT901BLE68(F3:F0:16:BF:DC:AE)	1.091	-0.171	0.099	-128.113	-11.841	42.358	23.35	-85.75	9.67	15.300	24.593	-23.420	0.69165	0.18103	-0.52994	0.45596	25.9	null	null	13113	60
2026-05-27T16:56:53.919	WT901BLE68(F3:F0:16:BF:DC:AE)	0.697	-0.044	-0.100	-58.167	55.420	6.348	-11.26	-80.91	35.56	15.300	24.593	-23.420	0.70496	0.18903	-0.65616	0.19153	25.9	null	null	13113	60
2026-05-27T16:56:54.012	WT901BLE68(F3:F0:16:BF:DC:AE)	0.810	0.121	-0.401	64.697	46.936	-40.405	-3.39	-78.23	26.51	15.300	24.593	-23.420	0.70496	0.18903	-0.65616	0.19153	25.9	null	null	13113	60
2026-05-27T16:56:54.131	WT901BLE68(F3:F0:16:BF:DC:AE)	1.101	0.013	0.205	239.319	6.287	-71.655	33.66	-76.04	3.25	15.300	24.593	-23.420	0.70496	0.18903	-0.65616	0.19153	25.9	null	null	13113	60
2026-05-27T16:56:54.222	WT901BLE68(F3:F0:16:BF:DC:AE)	1.239	0.083	0.832	38.879	49.133	32.593	49.10	-72.01	5.62	15.300	24.593	-23.420	0.70496	0.18903	-0.65616	0.19153	25.9	null	null	13113	60
2026-05-27T16:56:54.341	WT901BLE68(F3:F0:16:BF:DC:AE)	0.841	0.231	0.189	-61.646	6.348	55.603	32.43	-75.89	19.02	15.300	24.593	-23.420	0.70496	0.18903	-0.65616	0.19153	25.9	null	null	13113	60
2026-05-27T16:56:54.431	WT901BLE68(F3:F0:16:BF:DC:AE)	0.620	0.331	0.012	32.593	56.091	-26.062	19.91	-75.15	28.74	15.300	24.593	-23.420	0.70496	0.18903	-0.65616	0.19153	25.9	null	null	13113	60
2026-05-27T16:56:54.550	WT901BLE68(F3:F0:16:BF:DC:AE)	0.706	0.461	0.132	146.973	36.804	-69.336	35.76	-67.28	20.82	15.300	24.593	-23.420	0.70496	0.18903	-0.65616	0.19153	25.9	null	null	13113	60
2026-05-27T16:56:54.607	WT901BLE68(F3:F0:16:BF:DC:AE)	1.206	0.575	0.829	112.671	-45.471	-43.518	55.72	-60.29	15.49	4.553	34.880	-31.040	0.70496	0.18903	-0.65616	0.19153	25.9	null	null	13113	60
2026-05-27T16:56:54.732	WT901BLE68(F3:F0:16:BF:DC:AE)	1.109	0.477	0.537	-93.750	-67.444	53.589	60.14	-61.89	10.28	4.553	34.880	-31.040	0.70496	0.18903	-0.65616	0.19153	25.9	null	null	13113	60
2026-05-27T16:56:54.819	WT901BLE68(F3:F0:16:BF:DC:AE)	0.862	0.358	0.060	-80.994	-1.831	63.171	54.60	-70.50	4.08	4.553	34.880	-31.040	0.71637	0.44360	-0.44080	0.30923	25.9	null	null	13113	60
2026-05-27T16:56:54.940	WT901BLE68(F3:F0:16:BF:DC:AE)	0.628	0.414	-0.032	1.404	16.296	-15.137	43.85	-72.09	10.63	4.553	34.880	-31.040	0.71637	0.44360	-0.44080	0.30923	25.9	null	null	13113	60
2026-05-27T16:56:55.031	WT901BLE68(F3:F0:16:BF:DC:AE)	0.710	0.491	0.271	-3.174	-13.306	-32.776	50.10	-66.78	5.34	4.553	34.880	-31.040	0.71637	0.44360	-0.44080	0.30923	25.9	null	null	13113	60
2026-05-27T16:56:55.153	WT901BLE68(F3:F0:16:BF:DC:AE)	1.207	0.191	0.599	-151.550	-133.972	9.766	64.73	-70.59	-18.72	4.553	34.880	-31.040	0.71637	0.44360	-0.44080	0.30923	25.9	null	null	13113	60
2026-05-27T16:56:55.208	WT901BLE68(F3:F0:16:BF:DC:AE)	1.153	0.157	0.010	-162.659	-86.182	19.470	84.42	-75.98	-57.58	4.553	34.880	-31.040	0.71637	0.44360	-0.44080	0.30923	25.9	null	null	13113	60
2026-05-27T16:56:55.332	WT901BLE68(F3:F0:16:BF:DC:AE)	0.780	0.400	-0.330	-15.747	143.677	-42.969	55.06	-72.12	-35.16	4.553	34.880	-31.040	0.71637	0.44360	-0.44080	0.30923	25.9	null	null	13113	60
2026-05-27T16:56:55.421	WT901BLE68(F3:F0:16:BF:DC:AE)	1.342	0.313	0.536	91.980	110.535	-53.955	50.96	-63.57	-25.03	4.553	34.880	-31.040	0.71637	0.44360	-0.44080	0.30923	25.9	null	null	13113	60
2026-05-27T16:56:55.541	WT901BLE68(F3:F0:16:BF:DC:AE)	0.579	0.317	0.810	-63.171	61.096	-55.054	40.73	-48.25	-9.59	-5.313	38.753	-14.867	0.71637	0.44360	-0.44080	0.30923	25.9	null	null	13113	60
2026-05-27T16:56:55.631	WT901BLE68(F3:F0:16:BF:DC:AE)	0.944	0.519	0.206	-52.063	-112.061	-8.728	41.20	-51.93	-21.76	-5.313	38.753	-14.867	0.71637	0.44360	-0.44080	0.30923	25.9	null	null	13113	60
2026-05-27T16:56:55.750	WT901BLE68(F3:F0:16:BF:DC:AE)	0.790	0.449	0.151	110.352	84.534	37.292	41.96	-53.33	-20.61	-5.313	38.753	-14.867	0.84732	0.22427	-0.48090	-0.01935	25.9	null	null	13113	60
2026-05-27T16:56:55.841	WT901BLE68(F3:F0:16:BF:DC:AE)	0.676	0.329	0.545	-29.785	-98.267	64.941	45.14	-56.84	-16.76	-5.313	38.753	-14.867	0.84732	0.22427	-0.48090	-0.01935	25.9	null	null	13113	60
2026-05-27T16:56:55.961	WT901BLE68(F3:F0:16:BF:DC:AE)	1.306	0.010	-0.208	23.499	-7.996	57.556	56.86	-72.58	-36.15	-5.313	38.753	-14.867	0.84732	0.22427	-0.48090	-0.01935	25.9	null	null	13113	60
2026-05-27T16:56:56.021	WT901BLE68(F3:F0:16:BF:DC:AE)	0.738	0.457	0.384	14.404	-75.745	44.617	45.59	-70.64	-13.90	-5.313	38.753	-14.867	0.84732	0.22427	-0.48090	-0.01935	25.9	null	null	13113	60
2026-05-27T16:56:56.141	WT901BLE68(F3:F0:16:BF:DC:AE)	1.434	0.057	-0.036	95.886	178.955	-22.034	54.41	-76.53	-25.94	-5.313	38.753	-14.867	0.84732	0.22427	-0.48090	-0.01935	25.9	null	null	13113	60
2026-05-27T16:56:56.232	WT901BLE68(F3:F0:16:BF:DC:AE)	0.598	0.368	0.444	146.240	105.957	5.615	40.64	-62.51	5.16	-5.313	38.753	-14.867	0.84732	0.22427	-0.48090	-0.01935	25.9	null	null	13113	60
2026-05-27T16:56:56.353	WT901BLE68(F3:F0:16:BF:DC:AE)	0.954	0.328	0.728	-15.198	-69.641	31.189	46.61	-63.80	5.87	-5.313	38.753	-14.867	0.84732	0.22427	-0.48090	-0.01935	25.9	null	null	13113	60
2026-05-27T16:56:56.441	WT901BLE68(F3:F0:16:BF:DC:AE)	0.901	0.263	0.188	-109.802	-111.694	44.189	47.41	-72.70	-4.51	0.020	36.640	-31.573	0.84732	0.22427	-0.48090	-0.01935	25.9	null	null	13113	60
2026-05-27T16:56:56.559	WT901BLE68(F3:F0:16:BF:DC:AE)	0.622	0.415	0.216	-78.186	25.391	-5.127	35.40	-73.65	-2.20	0.020	36.640	-31.573	0.84732	0.22427	-0.48090	-0.01935	25.9	null	null	13113	60
2026-05-27T16:56:56.618	WT901BLE68(F3:F0:16:BF:DC:AE)	0.783	0.326	-0.036	-18.188	22.400	-23.315	33.97	-71.18	-5.58	0.020	36.640	-31.573	0.77643	0.21396	-0.57468	0.14502	25.9	null	null	13113	60
2026-05-27T16:56:56.774	WT901BLE68(F3:F0:16:BF:DC:AE)	0.948	0.138	0.088	65.552	-10.315	-49.866	45.50	-68.44	-13.94	0.020	36.640	-31.573	0.77643	0.21396	-0.57468	0.14502	25.9	null	null	13113	60
2026-05-27T16:56:56.829	WT901BLE68(F3:F0:16:BF:DC:AE)	1.303	0.045	0.579	0.244	-83.618	-1.648	64.98	-69.60	-30.86	0.020	36.640	-31.573	0.77643	0.21396	-0.57468	0.14502	25.9	null	null	13113	60
2026-05-27T16:56:56.951	WT901BLE68(F3:F0:16:BF:DC:AE)	1.133	0.150	0.222	-88.318	-29.663	19.104	68.19	-73.11	-40.07	0.020	36.640	-31.573	0.77643	0.21396	-0.57468	0.14502	25.9	null	null	13113	60
2026-05-27T16:56:57.042	WT901BLE68(F3:F0:16:BF:DC:AE)	0.794	0.296	0.084	-47.302	13.916	-3.235	58.26	-74.27	-37.06	0.020	36.640	-31.573	0.77643	0.21396	-0.57468	0.14502	25.9	null	null	13113	60
2026-05-27T16:56:57.163	WT901BLE68(F3:F0:16:BF:DC:AE)	0.803	0.424	-0.116	22.400	-6.287	-28.198	61.19	-72.39	-40.59	0.020	36.640	-31.573	0.77643	0.21396	-0.57468	0.14502	25.9	null	null	13113	60
2026-05-27T16:56:57.249	WT901BLE68(F3:F0:16:BF:DC:AE)	1.008	0.450	-0.171	95.825	-25.208	-50.476	78.35	-69.38	-51.54	0.020	36.640	-31.573	0.77643	0.21396	-0.57468	0.14502	25.9	null	null	13113	60
2026-05-27T16:56:57.373	WT901BLE68(F3:F0:16:BF:DC:AE)	1.202	0.369	0.364	34.180	22.766	20.325	86.63	-66.61	-49.99	-10.547	39.507	-26.693	0.77643	0.21396	-0.57468	0.14502	25.9	null	null	13113	60
2026-05-27T16:56:57.429	WT901BLE68(F3:F0:16:BF:DC:AE)	1.107	0.141	0.257	-55.542	-49.072	73.242	100.38	-73.08	-67.11	-10.547	39.507	-26.693	0.77643	0.21396	-0.57468	0.14502	25.9	null	null	13113	60
2026-05-27T16:56:57.548	WT901BLE68(F3:F0:16:BF:DC:AE)	0.975	0.171	-0.060	-66.956	0.366	37.170	96.69	-78.58	-70.15	-10.547	39.507	-26.693	0.68140	0.29211	-0.66394	0.09717	25.9	null	null	13113	60
2026-05-27T16:56:57.641	WT901BLE68(F3:F0:16:BF:DC:AE)	0.926	0.299	-0.219	-7.202	35.400	14.282	77.84	-80.65	-54.11	-10.547	39.507	-26.693	0.68140	0.29211	-0.66394	0.09717	25.9	null	null	13113	60
2026-05-27T16:56:57.759	WT901BLE68(F3:F0:16:BF:DC:AE)	0.868	0.236	-0.174	90.210	12.756	-8.057	70.96	-79.90	-42.15	-10.547	39.507	-26.693	0.68140	0.29211	-0.66394	0.09717	25.9	null	null	13113	60
2026-05-27T16:56:57.853	WT901BLE68(F3:F0:16:BF:DC:AE)	1.224	-0.179	0.111	70.862	-55.054	-3.296	104.55	-78.52	-66.19	-10.547	39.507	-26.693	0.68140	0.29211	-0.66394	0.09717	25.9	null	null	13113	60
2026-05-27T16:56:57.973	WT901BLE68(F3:F0:16:BF:DC:AE)	1.271	-0.111	-0.025	25.757	5.005	57.556	127.93	-81.19	-86.28	-10.547	39.507	-26.693	0.68140	0.29211	-0.66394	0.09717	25.9	null	null	13113	60
2026-05-27T16:56:58.029	WT901BLE68(F3:F0:16:BF:DC:AE)	0.954	0.218	-0.072	35.706	15.747	53.894	179.92	-85.27	-134.79	-10.547	39.507	-26.693	0.68140	0.29211	-0.66394	0.09717	25.9	null	null	13113	60
2026-05-27T16:56:58.149	WT901BLE68(F3:F0:16:BF:DC:AE)	0.643	0.267	-0.165	54.382	81.299	-16.357	-24.75	-87.75	74.25	-10.547	39.507	-26.693	0.68140	0.29211	-0.66394	0.09717	25.9	null	null	13113	60
2026-05-27T16:56:58.237	WT901BLE68(F3:F0:16:BF:DC:AE)	0.923	0.220	0.102	118.164	-18.799	-47.668	48.76	-83.25	10.89	9.000	28.560	-37.973	0.68140	0.29211	-0.66394	0.09717	25.9	null	null	13113	60
2026-05-27T16:56:58.364	WT901BLE68(F3:F0:16:BF:DC:AE)	1.414	-0.159	0.545	28.564	-14.832	10.681	76.87	-82.02	-10.59	9.000	28.560	-37.973	0.68140	0.29211	-0.66394	0.09717	25.9	null	null	13113	60
2026-05-27T16:56:58.453	WT901BLE68(F3:F0:16:BF:DC:AE)	1.083	0.065	0.202	-82.397	-5.127	70.618	40.55	-87.39	21.35	9.000	28.560	-37.973	0.62164	0.40875	-0.56409	0.35797	25.9	null	null	13113	60
2026-05-27T16:56:58.571	WT901BLE68(F3:F0:16:BF:DC:AE)	0.759	0.353	-0.267	-104.004	4.639	40.222	-56.19	-84.73	108.17	9.000	28.560	-37.973	0.62164	0.40875	-0.56409	0.35797	25.9	null	null	13113	60
2026-05-27T16:56:58.662	WT901BLE68(F3:F0:16:BF:DC:AE)	0.746	0.121	-0.203	55.054	-27.039	-81.116	-65.70	-89.23	115.94	9.000	28.560	-37.973	0.62164	0.40875	-0.56409	0.35797	25.9	null	null	13113	60
2026-05-27T16:56:58.785	WT901BLE68(F3:F0:16:BF:DC:AE)	1.496	-0.067	0.271	-63.965	-143.066	-29.053	137.52	-79.29	-85.07	9.000	28.560	-37.973	0.62164	0.40875	-0.56409	0.35797	25.9	null	null	13113	60
2026-05-27T16:56:58.840	WT901BLE68(F3:F0:16:BF:DC:AE)	1.309	-0.184	-0.071	-85.022	-18.433	55.786	158.27	-75.40	-116.92	9.000	28.560	-37.973	0.62164	0.40875	-0.56409	0.35797	25.9	null	null	13113	60
2026-05-27T16:56:58.964	WT901BLE68(F3:F0:16:BF:DC:AE)	0.518	0.269	-0.222	-84.534	51.514	17.883	164.99	-80.65	-130.57	9.000	28.560	-37.973	0.62164	0.40875	-0.56409	0.35797	25.9	null	null	13113	60
2026-05-27T16:56:59.052	WT901BLE68(F3:F0:16:BF:DC:AE)	0.886	0.428	-0.465	-20.569	-16.052	-101.624	140.03	-76.52	-112.25	9.000	28.560	-37.973	0.62164	0.40875	-0.56409	0.35797	25.9	null	null	13113	60
2026-05-27T16:56:59.171	WT901BLE68(F3:F0:16:BF:DC:AE)	1.548	0.170	-0.148	-2.991	-32.532	-49.744	127.92	-67.73	-97.56	9.000	28.560	-37.973	0.62164	0.40875	-0.56409	0.35797	25.9	null	null	13113	60
2026-05-27T16:56:59.264	WT901BLE68(F3:F0:16:BF:DC:AE)	1.230	0.058	0.011	-60.303	5.493	45.593	132.82	-67.36	-106.66	9.000	28.560	-37.973	0.62164	0.40875	-0.56409	0.35797	25.9	null	null	13113	60
2026-05-27T16:56:59.381	WT901BLE68(F3:F0:16:BF:DC:AE)	0.631	0.284	-0.473	-73.486	41.809	23.743	127.77	-72.49	-108.36	9.000	28.560	-37.973	0.62164	0.40875	-0.56409	0.35797	25.9	null	null	13113	60
2026-05-27T16:56:59.441	WT901BLE68(F3:F0:16:BF:DC:AE)	0.934	0.620	-0.526	14.404	-86.975	-73.120	116.21	-69.62	-99.53	9.000	28.560	-37.973	0.62164	0.40875	-0.56409	0.35797	25.9	null	null	13113	60
2026-05-27T16:56:59.562	WT901BLE68(F3:F0:16:BF:DC:AE)	1.215	0.071	-0.115	43.152	-41.626	-41.382	121.66	-62.38	-100.21	9.000	28.560	-37.973	0.62164	0.40875	-0.56409	0.35797	25.9	null	null	13113	60
2026-05-27T16:56:59.650	WT901BLE68(F3:F0:16:BF:DC:AE)	1.458	-0.027	-0.013	8.301	53.772	35.645	125.73	-62.02	-100.39	-9.020	40.227	-24.327	0.62164	0.40875	-0.56409	0.35797	25.9	null	null	13113	60
2026-05-27T16:56:59.776	WT901BLE68(F3:F0:16:BF:DC:AE)	0.632	0.519	-0.320	16.785	95.276	45.776	117.85	-71.69	-91.22	-9.020	40.227	-24.327	0.62164	0.40875	-0.56409	0.35797	25.9	null	null	13113	60
2026-05-27T16:56:59.862	WT901BLE68(F3:F0:16:BF:DC:AE)	0.584	0.456	-0.341	65.308	87.585	-42.542	97.77	-74.43	-66.40	-9.020	40.227	-24.327	0.66956	0.26535	-0.68973	0.07373	25.9	null	null	13113	60
2026-05-27T16:56:59.984	WT901BLE68(F3:F0:16:BF:DC:AE)	1.136	0.294	-0.223	155.640	79.834	-60.974	93.95	-69.13	-52.06	-9.020	40.227	-24.327	0.66956	0.26535	-0.68973	0.07373	25.9	null	null	13113	60
2026-05-27T16:57:00.076	WT901BLE68(F3:F0:16:BF:DC:AE)	1.285	0.130	0.552	54.932	-1.892	22.583	98.17	-66.93	-42.06	-9.020	40.227	-24.327	0.66956	0.26535	-0.68973	0.07373	25.9	null	null	13113	60
2026-05-27T16:57:00.195	WT901BLE68(F3:F0:16:BF:DC:AE)	1.122	0.125	-0.019	15.808	42.603	68.787	98.90	-72.58	-42.10	-9.020	40.227	-24.327	0.66956	0.26535	-0.68973	0.07373	25.9	null	null	13113	60
2026-05-27T16:57:00.282	WT901BLE68(F3:F0:16:BF:DC:AE)	0.622	0.510	-0.181	33.936	10.681	32.227	79.73	-78.61	-20.07	-9.020	40.227	-24.327	0.66956	0.26535	-0.68973	0.07373	25.9	null	null	13113	60
2026-05-27T16:57:00.372	WT901BLE68(F3:F0:16:BF:DC:AE)	0.665	0.518	-0.165	38.269	-20.203	-14.099	75.79	-78.21	-12.93	-9.020	40.227	-24.327	0.66956	0.26535	-0.68973	0.07373	25.9	null	null	13113	60
2026-05-27T16:57:00.463	WT901BLE68(F3:F0:16:BF:DC:AE)	1.018	0.289	0.375	26.855	-60.608	-2.563	97.04	-76.11	-29.41	-9.020	40.227	-24.327	0.66956	0.26535	-0.68973	0.07373	25.9	null	null	13113	60
2026-05-27T16:57:00.580	WT901BLE68(F3:F0:16:BF:DC:AE)	0.961	0.250	0.186	-111.145	-104.919	10.254	112.62	-74.52	-49.86	3.667	31.067	-46.727	0.66956	0.26535	-0.68973	0.07373	25.9	null	null	13113	60
2026-05-27T16:57:00.678	WT901BLE68(F3:F0:16:BF:DC:AE)	1.041	0.342	-0.059	-172.058	-48.706	22.522	127.63	-70.38	-81.67	3.667	31.067	-46.727	0.66956	0.26535	-0.68973	0.07373	25.9	null	null	13113	60
2026-05-27T16:57:00.793	WT901BLE68(F3:F0:16:BF:DC:AE)	0.923	0.366	-0.391	-67.322	154.663	-33.264	99.84	-72.16	-67.09	3.667	31.067	-46.727	0.62579	0.35324	-0.68448	0.12244	25.9	null	null	13113	60
2026-05-27T16:57:00.851	WT901BLE68(F3:F0:16:BF:DC:AE)	0.959	0.478	-0.281	31.067	73.303	-41.138	75.77	-67.69	-43.27	3.667	31.067	-46.727	0.62579	0.35324	-0.68448	0.12244	25.9	null	null	13113	60
2026-05-27T16:57:00.973	WT901BLE68(F3:F0:16:BF:DC:AE)	0.982	0.442	-0.035	61.035	-45.105	-39.673	78.50	-62.83	-40.11	3.667	31.067	-46.727	0.62579	0.35324	-0.68448	0.12244	25.9	null	null	13113	60
2026-05-27T16:57:01.061	WT901BLE68(F3:F0:16:BF:DC:AE)	1.406	0.275	0.307	-26.062	-61.035	18.982	90.30	-62.35	-51.23	3.667	31.067	-46.727	0.62579	0.35324	-0.68448	0.12244	25.9	null	null	13113	60
2026-05-27T16:57:01.184	WT901BLE68(F3:F0:16:BF:DC:AE)	1.143	0.119	0.297	-104.187	-74.585	83.130	96.83	-68.23	-66.31	3.667	31.067	-46.727	0.62579	0.35324	-0.68448	0.12244	25.9	null	null	13113	60
2026-05-27T16:57:01.273	WT901BLE68(F3:F0:16:BF:DC:AE)	0.936	0.326	-0.164	-64.819	-5.676	88.623	109.15	-76.72	-88.87	3.667	31.067	-46.727	0.62579	0.35324	-0.68448	0.12244	25.9	null	null	13113	60
2026-05-27T16:57:01.393	WT901BLE68(F3:F0:16:BF:DC:AE)	0.576	0.491	-0.303	25.513	66.101	-3.052	93.51	-81.43	-74.15	3.667	31.067	-46.727	0.62579	0.35324	-0.68448	0.12244	25.9	null	null	13113	60
2026-05-27T16:57:01.448	WT901BLE68(F3:F0:16:BF:DC:AE)	0.899	0.385	-0.103	56.824	-34.546	-38.391	85.98	-77.12	-60.89	5.993	31.940	-18.527	0.62579	0.35324	-0.68448	0.12244	25.9	null	null	13113	60
2026-05-27T16:57:01.606	WT901BLE68(F3:F0:16:BF:DC:AE)	1.392	-0.003	0.160	-19.775	-77.393	2.075	110.38	-72.63	-83.29	5.993	31.940	-18.527	0.62579	0.35324	-0.68448	0.12244	25.9	null	null	13113	60
2026-05-27T16:57:01.694	WT901BLE68(F3:F0:16:BF:DC:AE)	1.319	-0.150	0.018	-34.790	-2.991	91.858	126.56	-75.96	-103.01	5.993	31.940	-18.527	0.65271	0.24908	-0.71338	0.05414	25.9	null	null	13113	60
2026-05-27T16:57:01.785	WT901BLE68(F3:F0:16:BF:DC:AE)	0.999	0.023	-0.112	-24.536	50.720	106.140	168.15	-85.80	-146.72	5.993	31.940	-18.527	0.65271	0.24908	-0.71338	0.05414	25.9	null	null	13113	60
2026-05-27T16:57:01.875	WT901BLE68(F3:F0:16:BF:DC:AE)	0.778	0.130	-0.170	2.014	63.538	59.265	-65.56	-82.01	86.87	5.993	31.940	-18.527	0.65271	0.24908	-0.71338	0.05414	25.9	null	null	13113	60
2026-05-27T16:57:01.996	WT901BLE68(F3:F0:16:BF:DC:AE)	0.892	-0.225	-0.145	32.837	-114.685	37.354	-90.27	-79.39	114.43	5.993	31.940	-18.527	0.65271	0.24908	-0.71338	0.05414	25.9	null	null	13113	60
2026-05-27T16:57:02.084	WT901BLE68(F3:F0:16:BF:DC:AE)	1.121	-0.629	-0.106	65.247	-49.438	59.814	-111.18	-73.49	143.10	5.993	31.940	-18.527	0.65271	0.24908	-0.71338	0.05414	25.9	null	null	13113	60
2026-05-27T16:57:02.204	WT901BLE68(F3:F0:16:BF:DC:AE)	0.982	-0.602	0.043	85.205	7.019	106.018	-101.00	-64.48	141.71	5.993	31.940	-18.527	0.65271	0.24908	-0.71338	0.05414	25.9	null	null	13113	60
2026-05-27T16:57:02.261	WT901BLE68(F3:F0:16:BF:DC:AE)	0.746	-0.398	0.003	60.059	18.433	95.581	-89.41	-54.12	138.80	5.993	31.940	-18.527	0.65271	0.24908	-0.71338	0.05414	25.9	null	null	13113	60
2026-05-27T16:57:02.383	WT901BLE68(F3:F0:16:BF:DC:AE)	0.564	-0.276	-0.022	48.096	-12.024	47.974	-83.85	-47.91	140.73	29.053	-13.933	-28.173	0.65271	0.24908	-0.71338	0.05414	25.9	null	null	13113	60
2026-05-27T16:57:02.473	WT901BLE68(F3:F0:16:BF:DC:AE)	0.485	-0.479	0.090	79.163	-146.301	-25.879	-84.25	-49.19	152.40	29.053	-13.933	-28.173	0.65271	0.24908	-0.71338	0.05414	25.9	null	null	13113	60
2026-05-27T16:57:02.594	WT901BLE68(F3:F0:16:BF:DC:AE)	0.985	-0.980	0.408	66.895	-35.767	-14.709	-90.29	-52.71	171.11	29.053	-13.933	-28.173	0.40848	0.18970	-0.66800	0.59229	25.9	null	null	13113	60
2026-05-27T16:57:02.690	WT901BLE68(F3:F0:16:BF:DC:AE)	1.022	-0.774	0.263	14.099	17.700	76.172	-85.59	-48.39	171.06	29.053	-13.933	-28.173	0.40848	0.18970	-0.66800	0.59229	25.9	null	null	13113	60
2026-05-27T16:57:02.802	WT901BLE68(F3:F0:16:BF:DC:AE)	0.558	-0.347	0.135	-0.549	55.908	59.814	-80.97	-40.41	166.47	29.053	-13.933	-28.173	0.40848	0.18970	-0.66800	0.59229	25.9	null	null	13113	60
2026-05-27T16:57:02.861	WT901BLE68(F3:F0:16:BF:DC:AE)	0.186	-0.247	-0.067	10.071	-4.395	-51.208	-77.15	-40.09	162.88	29.053	-13.933	-28.173	0.40848	0.18970	-0.66800	0.59229	25.9	null	null	13113	60
