time	DeviceName	AccX(g)	AccY(g)	AccZ(g)	AsX(°/s)	AsY(°/s)	AsZ(°/s)	AngleX(°)	AngleY(°)	AngleZ(°)	HX(uT)	HY(uT)	HZ(uT)	Q0()	Q1()	Q2()	Q3()	Temperature(°C)	Height(m)	Pressure(kPa)	Version()	Battery level(%)
2026-05-27T16:42:14.501	WT901BLE68(F3:F0:16:BF:DC:AE)	0.045	0.959	-0.270	-2.258	42.419	-1.526	108.85	-4.21	-31.24	-46.807	15.640	-67.520	-0.53842	-0.76987	0.26117	0.22150	26.0	null	null	13113	60
2026-05-27T16:42:14.620	WT901BLE68(F3:F0:16:BF:DC:AE)	0.136	0.920	-0.344	2.197	13.428	0.854	108.49	-4.86	-29.35	-46.807	15.640	-67.520	-0.53842	-0.76987	0.26117	0.22150	26.0	null	null	13113	60
2026-05-27T16:42:14.680	WT901BLE68(F3:F0:16:BF:DC:AE)	0.175	0.951	-0.254	-0.122	6.714	-5.066	108.70	-4.88	-28.89	-46.807	15.640	-67.520	-0.53842	-0.76987	0.26117	0.22150	26.0	null	null	13113	60
2026-05-27T16:42:14.802	WT901BLE68(F3:F0:16:BF:DC:AE)	0.118	1.007	-0.249	-10.681	13.794	-14.832	107.85	-4.22	-27.24	-46.807	15.640	-67.520	-0.53842	-0.76987	0.26117	0.22150	26.0	null	null	13113	60
2026-05-27T16:42:14.889	WT901BLE68(F3:F0:16:BF:DC:AE)	0.079	0.930	-0.423	-11.963	-8.545	-10.315	106.27	-3.33	-26.66	-34.413	12.333	-71.020	-0.53842	-0.76987	0.26117	0.22150	26.0	null	null	13113	60
2026-05-27T16:42:15.012	WT901BLE68(F3:F0:16:BF:DC:AE)	-0.277	1.119	0.014	-43.579	3.601	-24.231	103.97	-1.64	-26.06	-34.413	12.333	-71.020	-0.53842	-0.76987	0.26117	0.22150	26.0	null	null	13113	60
2026-05-27T16:42:15.099	WT901BLE68(F3:F0:16:BF:DC:AE)	0.215	0.938	-0.532	-15.137	-152.222	4.883	98.91	2.22	-36.67	-34.413	12.333	-71.020	-0.61545	-0.75012	0.18698	0.15317	26.0	null	null	13113	60
2026-05-27T16:42:15.223	WT901BLE68(F3:F0:16:BF:DC:AE)	0.040	0.650	-0.296	-20.752	39.917	-16.418	96.44	2.47	-36.35	-34.413	12.333	-71.020	-0.61545	-0.75012	0.18698	0.15317	26.0	null	null	13113	60
2026-05-27T16:42:15.311	WT901BLE68(F3:F0:16:BF:DC:AE)	0.170	1.627	0.859	-6.714	160.095	33.508	97.91	-1.05	-32.31	-34.413	12.333	-71.020	-0.61545	-0.75012	0.18698	0.15317	26.0	null	null	13113	60
2026-05-27T16:42:15.431	WT901BLE68(F3:F0:16:BF:DC:AE)	-0.116	1.156	-0.061	-43.823	-69.580	-10.071	94.11	0.14	-26.95	-34.413	12.333	-71.020	-0.61545	-0.75012	0.18698	0.15317	26.0	null	null	13113	60
2026-05-27T16:42:15.489	WT901BLE68(F3:F0:16:BF:DC:AE)	0.068	0.960	0.193	-32.227	30.945	-14.709	90.47	0.75	-27.70	-34.413	12.333	-71.020	-0.61545	-0.75012	0.18698	0.15317	26.0	null	null	13113	60
2026-05-27T16:42:15.613	WT901BLE68(F3:F0:16:BF:DC:AE)	-0.075	0.949	0.175	-22.217	-14.893	-17.578	87.57	2.52	-27.73	-34.413	12.333	-71.020	-0.61545	-0.75012	0.18698	0.15317	26.0	null	null	13113	60
2026-05-27T16:42:15.700	WT901BLE68(F3:F0:16:BF:DC:AE)	-0.041	1.076	0.211	-21.973	-13.428	-8.850	84.61	3.52	-29.40	-34.413	12.333	-71.020	-0.61545	-0.75012	0.18698	0.15317	26.0	null	null	13113	60
2026-05-27T16:42:15.818	WT901BLE68(F3:F0:16:BF:DC:AE)	0.010	1.094	0.288	-18.921	2.563	1.709	81.67	4.23	-30.29	-40.507	28.987	-56.287	-0.61545	-0.75012	0.18698	0.15317	26.0	null	null	13113	60
2026-05-27T16:42:15.911	WT901BLE68(F3:F0:16:BF:DC:AE)	-0.131	1.022	0.133	-34.302	-10.864	-2.930	78.71	4.37	-31.70	-40.507	28.987	-56.287	-0.61545	-0.75012	0.18698	0.15317	26.0	null	null	13113	60
2026-05-27T16:42:16.029	WT901BLE68(F3:F0:16:BF:DC:AE)	-0.198	0.862	0.135	-38.208	-27.893	-4.517	76.05	4.41	-33.26	-40.507	28.987	-56.287	-0.74374	-0.60544	0.14597	0.24258	26.0	null	null	13113	60
2026-05-27T16:42:16.091	WT901BLE68(F3:F0:16:BF:DC:AE)	-0.143	0.888	0.226	-38.696	-15.137	-5.981	73.17	4.58	-34.59	-40.507	28.987	-56.287	-0.74374	-0.60544	0.14597	0.24258	26.0	null	null	13113	60
2026-05-27T16:42:16.215	WT901BLE68(F3:F0:16:BF:DC:AE)	-0.117	0.954	0.290	-30.212	4.395	-7.690	70.40	4.97	-35.06	-40.507	28.987	-56.287	-0.74374	-0.60544	0.14597	0.24258	26.0	null	null	13113	60
2026-05-27T16:42:16.303	WT901BLE68(F3:F0:16:BF:DC:AE)	-0.055	0.944	0.480	-22.583	10.925	-2.197	67.82	5.78	-34.81	-40.507	28.987	-56.287	-0.74374	-0.60544	0.14597	0.24258	26.0	null	null	13113	60
2026-05-27T16:42:16.421	WT901BLE68(F3:F0:16:BF:DC:AE)	-0.175	0.757	0.359	-21.118	6.226	0.366	65.42	6.04	-34.22	-40.507	28.987	-56.287	-0.74374	-0.60544	0.14597	0.24258	26.0	null	null	13113	60
2026-05-27T16:42:16.513	WT901BLE68(F3:F0:16:BF:DC:AE)	-0.147	0.805	0.415	-0.549	16.846	-3.418	63.43	6.52	-33.73	-40.507	28.987	-56.287	-0.74374	-0.60544	0.14597	0.24258	26.0	null	null	13113	60
2026-05-27T16:42:16.633	WT901BLE68(F3:F0:16:BF:DC:AE)	-0.155	0.819	0.473	-16.479	3.601	-7.141	61.86	7.60	-33.35	-40.507	28.987	-56.287	-0.74374	-0.60544	0.14597	0.24258	26.0	null	null	13113	60
2026-05-27T16:42:16.722	WT901BLE68(F3:F0:16:BF:DC:AE)	-0.178	0.834	0.510	-14.221	3.601	-8.362	59.89	8.84	-33.35	-45.160	37.607	-38.207	-0.74374	-0.60544	0.14597	0.24258	26.0	null	null	13113	60
2026-05-27T16:42:16.842	WT901BLE68(F3:F0:16:BF:DC:AE)	-0.196	0.771	0.543	-24.475	-0.793	-6.592	57.83	9.89	-33.61	-45.160	37.607	-38.207	-0.74374	-0.60544	0.14597	0.24258	26.0	null	null	13113	60
2026-05-27T16:42:16.901	WT901BLE68(F3:F0:16:BF:DC:AE)	-0.160	0.760	0.597	-24.353	1.221	-5.188	55.45	10.41	-34.18	-45.160	37.607	-38.207	-0.82663	-0.47418	0.06299	0.29626	26.0	null	null	13113	60
2026-05-27T16:42:17.021	WT901BLE68(F3:F0:16:BF:DC:AE)	-0.148	0.809	0.632	-22.644	8.118	-6.592	53.34	11.28	-34.45	-45.160	37.607	-38.207	-0.82663	-0.47418	0.06299	0.29626	26.0	null	null	13113	60
2026-05-27T16:42:17.113	WT901BLE68(F3:F0:16:BF:DC:AE)	-0.192	0.765	0.619	-18.066	-1.892	-0.244	51.43	11.73	-34.50	-45.160	37.607	-38.207	-0.82663	-0.47418	0.06299	0.29626	26.0	null	null	13113	60
2026-05-27T16:42:17.230	WT901BLE68(F3:F0:16:BF:DC:AE)	-0.290	0.713	0.589	-19.226	3.601	-11.536	49.84	12.22	-35.20	-45.160	37.607	-38.207	-0.82663	-0.47418	0.06299	0.29626	26.0	null	null	13113	60
2026-05-27T16:42:17.320	WT901BLE68(F3:F0:16:BF:DC:AE)	-0.245	0.730	0.659	-11.841	5.127	-6.714	48.35	13.01	-36.03	-45.160	37.607	-38.207	-0.82663	-0.47418	0.06299	0.29626	26.0	null	null	13113	60
2026-05-27T16:42:17.441	WT901BLE68(F3:F0:16:BF:DC:AE)	-0.262	0.709	0.694	-11.292	-1.282	-6.165	47.04	13.41	-36.81	-45.160	37.607	-38.207	-0.82663	-0.47418	0.06299	0.29626	26.0	null	null	13113	60
2026-05-27T16:42:17.499	WT901BLE68(F3:F0:16:BF:DC:AE)	-0.262	0.711	0.734	-6.714	3.479	-6.042	46.04	13.99	-37.58	-45.160	37.607	-38.207	-0.82663	-0.47418	0.06299	0.29626	26.0	null	null	13113	60
2026-05-27T16:42:17.620	WT901BLE68(F3:F0:16:BF:DC:AE)	-0.264	0.639	0.684	-12.146	-0.122	1.099	45.00	14.37	-37.91	-50.080	38.573	-26.453	-0.82663	-0.47418	0.06299	0.29626	26.0	null	null	13113	60
2026-05-27T16:42:17.713	WT901BLE68(F3:F0:16:BF:DC:AE)	-0.288	0.584	0.629	-11.475	-4.761	4.761	43.73	13.69	-38.42	-50.080	38.573	-26.453	-0.82663	-0.47418	0.06299	0.29626	26.0	null	null	13113	60
2026-05-27T16:42:17.832	WT901BLE68(F3:F0:16:BF:DC:AE)	-0.186	0.595	0.754	-8.850	2.014	-4.578	42.98	13.91	-38.98	-50.080	38.573	-26.453	-0.85587	-0.38327	0.01724	0.34665	26.0	null	null	13113	60
2026-05-27T16:42:17.925	WT901BLE68(F3:F0:16:BF:DC:AE)	-0.247	0.666	0.771	-8.423	-3.113	-0.916	42.19	14.55	-39.52	-50.080	38.573	-26.453	-0.85587	-0.38327	0.01724	0.34665	26.0	null	null	13113	60
2026-05-27T16:42:18.042	WT901BLE68(F3:F0:16:BF:DC:AE)	-0.291	0.606	0.702	-2.747	3.296	-6.531	41.35	14.52	-40.18	-50.080	38.573	-26.453	-0.85587	-0.38327	0.01724	0.34665	26.0	null	null	13113	60
2026-05-27T16:42:18.135	WT901BLE68(F3:F0:16:BF:DC:AE)	-0.266	0.571	0.743	-2.136	7.324	-12.207	40.94	15.85	-40.97	-50.080	38.573	-26.453	-0.85587	-0.38327	0.01724	0.34665	26.0	null	null	13113	60
2026-05-27T16:42:18.252	WT901BLE68(F3:F0:16:BF:DC:AE)	-0.237	0.621	0.792	-7.751	-7.690	-1.099	40.30	16.57	-41.81	-50.080	38.573	-26.453	-0.85587	-0.38327	0.01724	0.34665	26.0	null	null	13113	60
2026-05-27T16:42:18.311	WT901BLE68(F3:F0:16:BF:DC:AE)	-0.326	0.634	0.778	-1.404	-3.174	-0.854	39.66	15.88	-42.53	-50.080	38.573	-26.453	-0.85587	-0.38327	0.01724	0.34665	26.0	null	null	13113	60
2026-05-27T16:42:18.433	WT901BLE68(F3:F0:16:BF:DC:AE)	-0.250	0.550	0.730	-1.953	-3.113	-0.366	39.13	15.56	-43.24	-50.080	38.573	-26.453	-0.85587	-0.38327	0.01724	0.34665	26.0	null	null	13113	60
2026-05-27T16:42:18.521	WT901BLE68(F3:F0:16:BF:DC:AE)	-0.293	0.567	0.757	1.038	4.028	-7.080	39.04	15.91	-43.76	-51.960	37.387	-21.707	-0.85587	-0.38327	0.01724	0.34665	26.0	null	null	13113	60
2026-05-27T16:42:18.642	WT901BLE68(F3:F0:16:BF:DC:AE)	-0.267	0.583	0.790	-3.479	-1.282	-4.089	38.78	16.60	-44.41	-51.960	37.387	-21.707	-0.85587	-0.38327	0.01724	0.34665	26.0	null	null	13113	60
2026-05-27T16:42:18.730	WT901BLE68(F3:F0:16:BF:DC:AE)	-0.324	0.583	0.764	-2.747	-1.099	-3.174	38.29	16.65	-44.97	-51.960	37.387	-21.707	-0.84579	-0.35391	-0.00214	0.39908	26.0	null	null	13113	60
2026-05-27T16:42:18.855	WT901BLE68(F3:F0:16:BF:DC:AE)	-0.295	0.577	0.788	-1.648	-0.366	-2.197	38.02	16.99	-45.43	-51.960	37.387	-21.707	-0.84579	-0.35391	-0.00214	0.39908	26.0	null	null	13113	60
2026-05-27T16:42:18.910	WT901BLE68(F3:F0:16:BF:DC:AE)	-0.308	0.556	0.759	-3.296	-3.052	0.610	37.59	16.84	-45.79	-51.960	37.387	-21.707	-0.84579	-0.35391	-0.00214	0.39908	26.0	null	null	13113	60
2026-05-27T16:42:19.034	WT901BLE68(F3:F0:16:BF:DC:AE)	-0.294	0.555	0.771	-1.770	-0.488	-2.747	37.21	16.75	-46.22	-51.960	37.387	-21.707	-0.84579	-0.35391	-0.00214	0.39908	26.0	null	null	13113	60
2026-05-27T16:42:19.124	WT901BLE68(F3:F0:16:BF:DC:AE)	-0.271	0.547	0.787	0.916	3.662	-4.028	37.04	17.23	-46.66	-51.960	37.387	-21.707	-0.84579	-0.35391	-0.00214	0.39908	26.0	null	null	13113	60
2026-05-27T16:42:19.242	WT901BLE68(F3:F0:16:BF:DC:AE)	-0.294	0.552	0.775	-2.075	-1.404	1.465	36.80	17.24	-46.86	-51.960	37.387	-21.707	-0.84579	-0.35391	-0.00214	0.39908	26.0	null	null	13113	60
2026-05-27T16:42:19.364	WT901BLE68(F3:F0:16:BF:DC:AE)	-0.354	0.593	0.773	-1.404	-0.427	-1.160	36.60	17.14	-47.06	-51.960	37.387	-21.707	-0.84579	-0.35391	-0.00214	0.39908	26.0	null	null	13113	60
2026-05-27T16:42:19.449	WT901BLE68(F3:F0:16:BF:DC:AE)	-0.299	0.555	0.790	-2.502	-0.488	-2.563	36.33	17.33	-47.44	-54.127	36.700	-20.140	-0.84579	-0.35391	-0.00214	0.39908	26.0	null	null	13113	60
2026-05-27T16:42:19.542	WT901BLE68(F3:F0:16:BF:DC:AE)	-0.290	0.518	0.774	-1.831	-0.183	-2.014	35.98	17.44	-47.79	-54.127	36.700	-20.140	-0.84579	-0.35391	-0.00214	0.39908	26.0	null	null	13113	60
2026-05-27T16:42:19.665	WT901BLE68(F3:F0:16:BF:DC:AE)	-0.305	0.551	0.811	-1.038	1.465	-4.395	35.73	17.67	-48.21	-54.127	36.700	-20.140	-0.84015	-0.33688	-0.00854	0.42484	26.0	null	null	13113	60
2026-05-27T16:42:19.723	WT901BLE68(F3:F0:16:BF:DC:AE)	-0.300	0.576	0.824	-2.808	-1.160	2.014	35.45	17.64	-48.44	-54.127	36.700	-20.140	-0.84015	-0.33688	-0.00854	0.42484	26.0	null	null	13113	60
2026-05-27T16:42:19.847	WT901BLE68(F3:F0:16:BF:DC:AE)	-0.337	0.520	0.757	-3.235	0.732	0.183	35.02	17.64	-48.52	-54.127	36.700	-20.140	-0.84015	-0.33688	-0.00854	0.42484	26.0	null	null	13113	60
2026-05-27T16:42:19.933	WT901BLE68(F3:F0:16:BF:DC:AE)	-0.335	0.549	0.769	-1.953	-2.625	-2.930	34.77	17.65	-48.80	-54.127	36.700	-20.140	-0.84015	-0.33688	-0.00854	0.42484	26.0	null	null	13113	60
2026-05-27T16:42:20.055	WT901BLE68(F3:F0:16:BF:DC:AE)	-0.298	0.656	0.775	0.854	-3.418	-10.193	34.63	17.74	-49.74	-54.127	36.700	-20.140	-0.84015	-0.33688	-0.00854	0.42484	26.0	null	null	13113	60
2026-05-27T16:42:20.142	WT901BLE68(F3:F0:16:BF:DC:AE)	-0.325	0.516	0.804	9.521	4.456	-1.160	35.24	18.30	-50.16	-54.127	36.700	-20.140	-0.84015	-0.33688	-0.00854	0.42484	26.0	null	null	13113	60
2026-05-27T16:42:20.262	WT901BLE68(F3:F0:16:BF:DC:AE)	-0.303	0.516	0.779	23.499	-4.517	6.287	36.82	17.94	-50.09	-54.127	36.700	-20.140	-0.84015	-0.33688	-0.00854	0.42484	26.0	null	null	13113	60
2026-05-27T16:42:20.319	WT901BLE68(F3:F0:16:BF:DC:AE)	-0.262	0.589	0.760	31.311	-3.174	19.348	39.69	16.62	-49.26	-55.047	35.900	-21.307	-0.84015	-0.33688	-0.00854	0.42484	26.0	null	null	13113	60
2026-05-27T16:42:20.444	WT901BLE68(F3:F0:16:BF:DC:AE)	-0.322	0.617	0.730	25.940	-4.578	20.508	42.76	15.15	-47.70	-55.047	35.900	-21.307	-0.84015	-0.33688	-0.00854	0.42484	26.0	null	null	13113	60
2026-05-27T16:42:20.530	WT901BLE68(F3:F0:16:BF:DC:AE)	-0.250	0.742	0.750	26.184	-2.075	12.817	45.29	13.84	-46.79	-55.047	35.900	-21.307	-0.82394	-0.38828	0.04398	0.41028	26.0	null	null	13113	60
2026-05-27T16:42:20.653	WT901BLE68(F3:F0:16:BF:DC:AE)	-0.150	0.773	0.696	26.611	0.793	17.761	47.77	12.76	-45.95	-55.047	35.900	-21.307	-0.82394	-0.38828	0.04398	0.41028	26.0	null	null	13113	60
2026-05-27T16:42:20.741	WT901BLE68(F3:F0:16:BF:DC:AE)	-0.233	0.750	0.555	34.729	0.000	18.372	50.93	11.49	-44.47	-55.047	35.900	-21.307	-0.82394	-0.38828	0.04398	0.41028	26.0	null	null	13113	60
2026-05-27T16:42:20.865	WT901BLE68(F3:F0:16:BF:DC:AE)	-0.293	0.935	0.647	33.020	8.850	11.414	54.81	10.43	-43.04	-55.047	35.900	-21.307	-0.82394	-0.38828	0.04398	0.41028	26.0	null	null	13113	60
2026-05-27T16:42:20.952	WT901BLE68(F3:F0:16:BF:DC:AE)	-0.145	0.860	0.509	39.734	3.052	6.958	58.19	9.83	-42.50	-55.047	35.900	-21.307	-0.82394	-0.38828	0.04398	0.41028	26.0	null	null	13113	60
2026-05-27T16:42:21.075	WT901BLE68(F3:F0:16:BF:DC:AE)	-0.152	0.917	0.399	29.053	1.160	3.662	61.62	9.27	-42.13	-55.047	35.900	-21.307	-0.82394	-0.38828	0.04398	0.41028	26.0	null	null	13113	60
2026-05-27T16:42:21.130	WT901BLE68(F3:F0:16:BF:DC:AE)	-0.191	0.889	0.337	32.532	13.000	3.601	65.12	9.07	-41.24	-55.047	35.900	-21.307	-0.82394	-0.38828	0.04398	0.41028	26.0	null	null	13113	60
2026-05-27T16:42:21.251	WT901BLE68(F3:F0:16:BF:DC:AE)	-0.055	0.849	0.376	21.240	6.531	4.822	68.35	9.24	-39.64	-44.220	36.180	-44.180	-0.82394	-0.38828	0.04398	0.41028	26.0	null	null	13113	60
2026-05-27T16:42:21.342	WT901BLE68(F3:F0:16:BF:DC:AE)	-0.189	0.854	0.349	22.034	14.893	5.005	70.43	9.05	-37.75	-44.220	36.180	-44.180	-0.82394	-0.38828	0.04398	0.41028	26.0	null	null	13113	60
2026-05-27T16:42:21.460	WT901BLE68(F3:F0:16:BF:DC:AE)	-0.229	0.950	0.314	17.639	6.836	1.953	72.15	9.21	-36.23	-44.220	36.180	-44.180	-0.75357	-0.57205	0.12241	0.29968	26.0	null	null	13113	60
2026-05-27T16:42:21.551	WT901BLE68(F3:F0:16:BF:DC:AE)	-0.146	0.973	0.252	10.010	23.438	7.385	73.47	9.17	-35.00	-44.220	36.180	-44.180	-0.75357	-0.57205	0.12241	0.29968	26.0	null	null	13113	60
2026-05-27T16:42:21.673	WT901BLE68(F3:F0:16:BF:DC:AE)	-0.154	0.969	0.208	14.282	17.639	8.179	75.24	8.79	-33.07	-44.220	36.180	-44.180	-0.75357	-0.57205	0.12241	0.29968	26.0	null	null	13113	60
2026-05-27T16:42:21.734	WT901BLE68(F3:F0:16:BF:DC:AE)	-0.163	0.955	0.191	17.090	10.620	6.042	77.01	8.47	-31.42	-44.220	36.180	-44.180	-0.75357	-0.57205	0.12241	0.29968	26.0	null	null	13113	60
2026-05-27T16:42:21.854	WT901BLE68(F3:F0:16:BF:DC:AE)	-0.159	0.988	0.177	15.442	10.254	7.263	79.03	8.11	-30.11	-44.220	36.180	-44.180	-0.75357	-0.57205	0.12241	0.29968	26.0	null	null	13113	60
2026-05-27T16:42:21.944	WT901BLE68(F3:F0:16:BF:DC:AE)	-0.133	0.973	0.129	15.442	6.836	7.446	80.69	7.58	-29.03	-44.220	36.180	-44.180	-0.75357	-0.57205	0.12241	0.29968	26.0	null	null	13113	60
2026-05-27T16:42:22.065	WT901BLE68(F3:F0:16:BF:DC:AE)	-0.091	0.999	0.087	18.738	5.676	6.897	82.47	6.90	-28.42	-44.220	36.180	-44.180	-0.75357	-0.57205	0.12241	0.29968	26.0	null	null	13113	60
2026-05-27T16:42:22.152	WT901BLE68(F3:F0:16:BF:DC:AE)	-0.166	1.004	0.128	20.020	8.606	4.883	84.69	6.34	-27.51	-35.233	29.120	-58.553	-0.75357	-0.57205	0.12241	0.29968	26.0	null	null	13113	60
2026-05-27T16:42:22.274	WT901BLE68(F3:F0:16:BF:DC:AE)	-0.157	1.009	0.135	15.442	-18.372	3.052	86.69	5.83	-28.08	-35.233	29.120	-58.553	-0.75357	-0.57205	0.12241	0.29968	26.0	null	null	13113	60
2026-05-27T16:42:22.328	WT901BLE68(F3:F0:16:BF:DC:AE)	0.035	0.977	0.034	16.113	-31.250	2.991	87.92	5.58	-31.10	-35.233	29.120	-58.553	-0.69025	-0.67661	0.13892	0.21530	26.0	null	null	13113	60
2026-05-27T16:42:22.485	WT901BLE68(F3:F0:16:BF:DC:AE)	-0.108	1.009	0.035	20.081	-30.396	-2.441	89.02	5.77	-33.43	-35.233	29.120	-58.553	-0.69025	-0.67661	0.13892	0.21530	26.0	null	null	13113	60
2026-05-27T16:42:22.540	WT901BLE68(F3:F0:16:BF:DC:AE)	-0.147	1.015	0.009	16.174	-29.053	-3.723	90.63	5.92	-36.12	-35.233	29.120	-58.553	-0.69025	-0.67661	0.13892	0.21530	26.0	null	null	13113	60
2026-05-27T16:42:22.663	WT901BLE68(F3:F0:16:BF:DC:AE)	-0.133	0.947	-0.128	20.142	-48.950	-6.531	92.31	6.24	-38.97	-35.233	29.120	-58.553	-0.69025	-0.67661	0.13892	0.21530	26.0	null	null	13113	60
2026-05-27T16:42:22.753	WT901BLE68(F3:F0:16:BF:DC:AE)	-0.060	0.987	-0.181	33.630	-49.988	6.409	94.00	6.57	-44.31	-35.233	29.120	-58.553	-0.69025	-0.67661	0.13892	0.21530	26.0	null	null	13113	60
2026-05-27T16:42:22.874	WT901BLE68(F3:F0:16:BF:DC:AE)	-0.215	0.987	-0.103	34.180	-9.521	-1.160	97.21	6.38	-46.99	-35.233	29.120	-58.553	-0.69025	-0.67661	0.13892	0.21530	26.0	null	null	13113	60
2026-05-27T16:42:22.959	WT901BLE68(F3:F0:16:BF:DC:AE)	-0.190	0.985	-0.093	7.202	-18.250	-3.113	98.94	6.92	-47.94	-35.233	29.120	-58.553	-0.69025	-0.67661	0.13892	0.21530	26.0	null	null	13113	60
2026-05-27T16:42:23.081	WT901BLE68(F3:F0:16:BF:DC:AE)	-0.171	0.999	-0.114	-6.775	0.305	-11.841	98.58	7.95	-48.33	-51.580	15.420	-64.647	-0.69025	-0.67661	0.13892	0.21530	26.0	null	null	13113	60
2026-05-27T16:42:23.144	WT901BLE68(F3:F0:16:BF:DC:AE)	-0.151	1.032	-0.016	-16.663	39.429	-13.733	97.36	9.33	-46.33	-51.580	15.420	-64.647	-0.69025	-0.67661	0.13892	0.21530	26.0	null	null	13113	60
2026-05-27T16:42:23.261	WT901BLE68(F3:F0:16:BF:DC:AE)	-0.182	0.919	-0.261	-27.771	15.198	-9.399	97.43	9.51	-42.43	-51.580	15.420	-64.647	-0.58347	-0.71591	0.23355	0.30392	26.0	null	null	13113	60
2026-05-27T16:42:23.350	WT901BLE68(F3:F0:16:BF:DC:AE)	-0.010	0.877	-0.302	-3.784	-13.245	6.348	96.53	9.57	-42.97	-51.580	15.420	-64.647	-0.58347	-0.71591	0.23355	0.30392	26.0	null	null	13113	60
2026-05-27T16:42:23.470	WT901BLE68(F3:F0:16:BF:DC:AE)	-0.163	1.020	-0.094	-28.687	-1.221	8.057	96.00	8.42	-44.14	-51.580	15.420	-64.647	-0.58347	-0.71591	0.23355	0.30392	26.0	null	null	13113	60
2026-05-27T16:42:23.563	WT901BLE68(F3:F0:16:BF:DC:AE)	-0.273	0.900	0.013	4.639	-18.127	29.907	94.20	6.65	-43.54	-51.580	15.420	-64.647	-0.58347	-0.71591	0.23355	0.30392	26.0	null	null	13113	60
2026-05-27T16:42:23.686	WT901BLE68(F3:F0:16:BF:DC:AE)	-0.073	0.835	-0.262	21.362	58.289	23.315	94.87	4.45	-43.56	-51.580	15.420	-64.647	-0.58347	-0.71591	0.23355	0.30392	26.0	null	null	13113	60
2026-05-27T16:42:23.773	WT901BLE68(F3:F0:16:BF:DC:AE)	-0.296	1.092	-0.120	30.151	105.164	6.226	96.28	4.00	-33.76	-51.580	15.420	-64.647	-0.58347	-0.71591	0.23355	0.30392	26.0	null	null	13113	60
2026-05-27T16:42:23.892	WT901BLE68(F3:F0:16:BF:DC:AE)	0.176	0.919	-0.370	21.973	4.150	15.747	98.83	2.35	-30.86	-51.580	15.420	-64.647	-0.58347	-0.71591	0.23355	0.30392	26.0	null	null	13113	60
2026-05-27T16:42:23.949	WT901BLE68(F3:F0:16:BF:DC:AE)	-0.016	0.982	-0.218	29.480	43.518	11.902	102.10	0.31	-27.47	-38.193	18.133	-68.473	-0.58347	-0.71591	0.23355	0.30392	26.0	null	null	13113	60
2026-05-27T16:42:24.073	WT901BLE68(F3:F0:16:BF:DC:AE)	0.019	1.015	-0.137	5.859	2.869	17.578	103.77	-1.60	-26.03	-38.193	18.133	-68.473	-0.58347	-0.71591	0.23355	0.30392	26.0	null	null	13113	60
2026-05-27T16:42:24.160	WT901BLE68(F3:F0:16:BF:DC:AE)	0.107	0.931	-0.346	5.188	29.968	11.963	103.81	-3.33	-25.52	-38.193	18.133	-68.473	-0.60425	-0.76376	0.18933	0.12491	26.0	null	null	13113	60
2026-05-27T16:42:24.283	WT901BLE68(F3:F0:16:BF:DC:AE)	0.168	0.935	-0.335	11.780	11.597	10.315	104.62	-4.84	-24.27	-38.193	18.133	-68.473	-0.60425	-0.76376	0.18933	0.12491	26.0	null	null	13113	60
2026-05-27T16:42:24.372	WT901BLE68(F3:F0:16:BF:DC:AE)	0.134	0.986	-0.212	8.972	9.399	6.592	105.88	-6.03	-23.62	-38.193	18.133	-68.473	-0.60425	-0.76376	0.18933	0.12491	26.0	null	null	13113	60
2026-05-27T16:42:24.491	WT901BLE68(F3:F0:16:BF:DC:AE)	0.124	0.980	-0.214	-11.536	15.381	2.075	105.60	-6.80	-23.06	-38.193	18.133	-68.473	-0.60425	-0.76376	0.18933	0.12491	26.0	null	null	13113	60
2026-05-27T16:42:24.549	WT901BLE68(F3:F0:16:BF:DC:AE)	0.218	0.892	-0.416	2.197	0.732	5.493	104.93	-7.38	-22.75	-38.193	18.133	-68.473	-0.60425	-0.76376	0.18933	0.12491	26.0	null	null	13113	60
2026-05-27T16:42:24.677	WT901BLE68(F3:F0:16:BF:DC:AE)	0.116	0.952	-0.263	5.432	0.488	4.395	105.72	-7.99	-22.40	-38.193	18.133	-68.473	-0.60425	-0.76376	0.18933	0.12491	26.0	null	null	13113	60
2026-05-27T16:42:24.765	WT901BLE68(F3:F0:16:BF:DC:AE)	0.181	0.947	-0.303	-1.404	-3.479	3.357	105.91	-8.33	-22.99	-38.193	18.133	-68.473	-0.60425	-0.76376	0.18933	0.12491	26.0	null	null	13113	60
2026-05-27T16:42:24.880	WT901BLE68(F3:F0:16:BF:DC:AE)	0.171	0.948	-0.293	0.366	-6.470	3.296	106.03	-8.60	-23.73	-24.647	13.453	-72.673	-0.60425	-0.76376	0.18933	0.12491	26.0	null	null	13113	60
2026-05-27T16:42:24.973	WT901BLE68(F3:F0:16:BF:DC:AE)	0.175	0.933	-0.300	-1.404	-6.592	3.540	106.17	-8.81	-24.54	-24.647	13.453	-72.673	-0.60425	-0.76376	0.18933	0.12491	26.0	null	null	13113	60
2026-05-27T16:42:25.092	WT901BLE68(F3:F0:16:BF:DC:AE)	0.180	0.938	-0.306	1.343	-5.005	2.441	106.35	-9.03	-25.17	-24.647	13.453	-72.673	-0.59744	-0.76859	0.21805	0.06836	26.0	null	null	13113	60
2026-05-27T16:42:25.181	WT901BLE68(F3:F0:16:BF:DC:AE)	0.183	0.932	-0.310	1.831	-3.052	1.892	106.64	-9.20	-25.66	-24.647	13.453	-72.673	-0.59744	-0.76859	0.21805	0.06836	26.0	null	null	13113	60
2026-05-27T16:42:25.308	WT901BLE68(F3:F0:16:BF:DC:AE)	0.183	0.941	-0.305	2.686	-1.953	0.549	106.96	-9.30	-25.99	-24.647	13.453	-72.673	-0.59744	-0.76859	0.21805	0.06836	26.0	null	null	13113	60
2026-05-27T16:42:25.363	WT901BLE68(F3:F0:16:BF:DC:AE)	0.195	0.934	-0.307	1.282	0.122	-0.977	107.08	-9.30	-26.08	-24.647	13.453	-72.673	-0.59744	-0.76859	0.21805	0.06836	26.0	null	null	13113	60
2026-05-27T16:42:25.484	WT901BLE68(F3:F0:16:BF:DC:AE)	0.169	0.941	-0.291	-0.244	1.160	-1.831	107.16	-9.25	-26.11	-24.647	13.453	-72.673	-0.59744	-0.76859	0.21805	0.06836	26.0	null	null	13113	60
